0 1 2 5 11 18 30 38 
0 1 2 15 23 35 42 48 
0 1 3 13 17 21 22 28 
0 1 4 6 13 15 23 31 
0 1 4 9 16 22 24 41 
0 1 4 10 12 17 33 37 
0 1 4 10 17 29 37 50 
0 1 4 24 30 33 38 40 
0 1 5 8 17 19 31 46 
0 1 5 8 18 20 29 45 
0 1 5 9 19 21 22 45 
0 1 6 8 10 25 36 39 
0 1 6 10 13 21 33 35 
0 1 6 21 33 35 44 47 
0 1 6 24 28 31 41 43 
0 1 7 9 12 31 35 45 
0 1 7 10 12 15 28 32 
0 1 7 11 17 38 40 43 
0 1 7 17 21 40 43 45 
0 1 7 23 32 34 44 47 
0 1 7 30 31 33 43 47 
0 1 9 11 21 24 28 46 
0 1 9 12 14 35 41 45 
0 1 9 15 19 26 28 31 
0 1 11 28 30 36 43 48 
0 1 12 14 19 22 28 48 
0 1 13 16 27 42 44 46 
0 1 13 17 20 22 28 38 
0 1 14 22 34 41 47 50 
0 1 14 24 30 32 35 39 
0 1 15 19 35 40 42 48 
0 1 17 19 31 39 42 46 
0 1 20 24 37 40 42 45 
0 1 21 24 26 33 37 43 
0 1 21 29 37 39 46 48 
0 1 24 30 31 35 39 49 
