0 1 2 3 7 11 
0 1 2 3 7 14 
0 1 2 3 8 12 
0 1 2 3 11 18 
0 1 2 3 13 17 
0 1 2 3 14 18 
0 1 2 4 8 13 
0 1 2 4 10 15 
0 1 2 4 11 16 
0 1 2 4 11 18 
0 1 2 4 12 17 
0 1 2 5 6 13 
0 1 2 5 7 13 
0 1 2 5 8 11 
0 1 2 5 8 13 
0 1 2 5 9 11 
0 1 2 5 10 16 
0 1 2 5 11 15 
0 1 2 5 11 16 
0 1 2 5 13 16 
0 1 2 5 13 17 
0 1 2 5 14 16 
0 1 2 5 15 16 
0 1 2 6 8 11 
0 1 2 6 9 11 
0 1 2 6 9 12 
0 1 2 6 9 13 
0 1 2 6 10 13 
0 1 2 6 10 21 
0 1 2 6 12 15 
0 1 2 6 13 16 
0 1 2 6 13 20 
0 1 2 6 13 21 
0 1 2 6 14 17 
0 1 2 7 8 11 
0 1 2 7 10 11 
0 1 2 7 10 18 
0 1 2 7 11 14 
0 1 2 7 11 19 
0 1 2 7 11 21 
0 1 2 7 12 20 
0 1 2 8 9 19 
0 1 2 8 10 19 
0 1 2 8 11 18 
0 1 2 8 11 19 
0 1 2 8 13 19 
0 1 2 8 13 20 
0 1 2 8 14 19 
0 1 2 9 12 18 
0 1 2 9 13 19 
0 1 2 9 14 20 
0 1 2 10 13 17 
0 1 2 10 17 21 
0 1 2 11 14 18 
0 1 2 11 15 18 
0 1 2 11 16 19 
0 1 2 11 16 20 
0 1 2 11 17 19 
0 1 2 11 18 19 
0 1 2 12 15 18 
0 1 2 12 16 21 
0 1 2 13 14 17 
0 1 2 13 15 18 
0 1 2 13 15 19 
0 1 2 13 16 17 
0 1 2 13 16 18 
0 1 2 13 16 19 
0 1 2 13 17 21 
0 1 3 4 6 15 
0 1 3 4 7 12 
0 1 3 4 8 14 
0 1 3 4 9 11 
0 1 3 4 9 15 
0 1 3 4 10 15 
0 1 3 4 11 16 
0 1 3 4 11 17 
0 1 3 4 11 20 
0 1 3 4 12 18 
0 1 3 4 14 19 
0 1 3 4 15 17 
0 1 3 5 9 12 
0 1 3 5 10 11 
0 1 3 5 11 12 
0 1 3 5 11 16 
0 1 3 5 11 18 
0 1 3 5 11 20 
0 1 3 5 12 17 
0 1 3 5 12 19 
0 1 3 5 13 16 
0 1 3 5 15 16 
0 1 3 5 16 17 
0 1 3 6 8 12 
0 1 3 6 10 11 
0 1 3 6 10 14 
0 1 3 6 10 17 
0 1 3 6 11 15 
0 1 3 6 13 17 
0 1 3 6 14 18 
0 1 3 7 8 12 
0 1 3 7 9 12 
0 1 3 7 10 18 
0 1 3 7 11 12 
0 1 3 7 11 16 
0 1 3 7 11 20 
0 1 3 7 12 14 
0 1 3 7 12 15 
0 1 3 7 12 17 
0 1 3 7 12 20 
0 1 3 7 12 21 
0 1 3 7 14 17 
0 1 3 7 14 19 
0 1 3 8 9 12 
0 1 3 8 9 19 
0 1 3 8 10 14 
0 1 3 8 10 19 
0 1 3 8 12 14 
0 1 3 8 12 16 
0 1 3 8 12 17 
0 1 3 8 12 18 
0 1 3 8 12 19 
0 1 3 8 13 19 
0 1 3 8 14 18 
0 1 3 9 10 14 
0 1 3 9 11 18 
0 1 3 9 12 18 
0 1 3 9 13 20 
0 1 3 9 14 21 
0 1 3 10 12 18 
0 1 3 10 14 17 
0 1 3 10 14 19 
0 1 3 10 14 20 
0 1 3 10 15 21 
0 1 3 10 17 21 
0 1 3 11 12 16 
0 1 3 11 12 18 
0 1 3 11 15 16 
0 1 3 11 16 18 
0 1 3 11 16 19 
0 1 3 11 16 20 
0 1 3 11 16 21 
0 1 3 12 14 18 
0 1 3 12 14 19 
0 1 3 12 15 18 
0 1 3 12 16 17 
0 1 3 12 16 20 
0 1 3 12 17 18 
0 1 3 12 17 19 
0 1 3 12 18 20 
0 1 3 12 19 20 
0 1 3 14 15 19 
0 1 4 5 6 15 
0 1 4 5 9 11 
0 1 4 5 10 12 
0 1 4 5 11 13 
0 1 4 5 12 21 
0 1 4 5 14 16 
0 1 4 5 15 17 
0 1 4 5 16 18 
0 1 4 6 9 11 
0 1 4 6 10 15 
0 1 4 6 11 14 
0 1 4 6 11 15 
0 1 4 6 11 19 
0 1 4 6 11 20 
0 1 4 6 12 13 
0 1 4 6 12 15 
0 1 4 6 12 19 
0 1 4 6 12 21 
0 1 4 6 13 15 
0 1 4 6 14 15 
0 1 4 6 15 16 
0 1 4 6 15 18 
0 1 4 7 9 11 
0 1 4 7 9 12 
0 1 4 7 10 12 
0 1 4 7 10 21 
0 1 4 7 12 14 
0 1 4 7 12 20 
0 1 4 7 12 21 
0 1 4 7 15 17 
0 1 4 7 16 18 
0 1 4 8 9 20 
0 1 4 8 10 15 
0 1 4 8 10 21 
0 1 4 9 10 11 
0 1 4 9 11 15 
0 1 4 9 11 16 
0 1 4 9 11 17 
0 1 4 9 11 20 
0 1 4 9 13 15 
0 1 4 9 13 20 
0 1 4 9 15 21 
0 1 4 9 16 20 
0 1 4 9 19 20 
0 1 4 10 12 15 
0 1 4 10 12 17 
0 1 4 10 13 15 
0 1 4 10 14 21 
0 1 4 10 15 17 
0 1 4 10 15 20 
0 1 4 10 15 21 
0 1 4 11 14 16 
0 1 4 11 15 17 
0 1 4 11 15 20 
0 1 4 11 17 19 
0 1 4 11 18 20 
0 1 4 12 15 17 
0 1 4 12 15 21 
0 1 4 12 16 21 
0 1 4 12 17 19 
0 1 4 13 15 17 
0 1 4 13 15 20 
0 1 4 13 15 21 
0 1 4 14 15 17 
0 1 4 14 15 20 
0 1 4 14 15 21 
0 1 4 15 16 17 
0 1 5 6 8 17 
0 1 5 6 11 20 
0 1 5 7 8 18 
0 1 5 7 9 12 
0 1 5 7 10 18 
0 1 5 7 10 21 
0 1 5 7 11 14 
0 1 5 7 12 20 
0 1 5 7 13 16 
0 1 5 7 15 18 
0 1 5 7 16 19 
0 1 5 7 18 19 
0 1 5 8 9 11 
0 1 5 8 10 11 
0 1 5 8 10 16 
0 1 5 8 10 21 
0 1 5 8 11 13 
0 1 5 8 11 20 
0 1 5 8 11 21 
0 1 5 8 12 14 
0 1 5 8 12 21 
0 1 5 8 16 18 
0 1 5 8 17 19 
0 1 5 9 11 12 
0 1 5 9 11 20 
0 1 5 9 12 21 
0 1 5 9 15 20 
0 1 5 9 17 20 
0 1 5 9 20 21 
0 1 5 11 12 14 
0 1 5 11 12 20 
0 1 5 11 13 16 
0 1 5 11 13 20 
0 1 5 11 14 16 
0 1 5 11 14 20 
0 1 5 11 14 21 
0 1 5 11 15 20 
0 1 5 11 19 20 
0 1 5 12 14 17 
0 1 5 12 14 20 
0 1 5 12 15 21 
0 1 5 12 18 20 
0 1 5 12 19 21 
0 1 5 12 20 21 
0 1 5 13 14 16 
0 1 5 13 15 16 
0 1 5 13 16 18 
0 1 5 13 16 20 
0 1 5 13 16 21 
0 1 5 14 16 17 
0 1 5 15 16 18 
0 1 6 7 8 19 
0 1 6 7 9 11 
0 1 6 7 9 18 
0 1 6 7 10 21 
0 1 6 7 11 20 
0 1 6 7 18 20 
0 1 6 8 9 12 
0 1 6 8 9 19 
0 1 6 8 10 11 
0 1 6 8 10 19 
0 1 6 8 11 15 
0 1 6 8 11 19 
0 1 6 8 12 15 
0 1 6 8 12 19 
0 1 6 8 13 19 
0 1 6 8 16 19 
0 1 6 8 18 19 
0 1 6 8 19 20 
0 1 6 9 10 21 
0 1 6 9 11 13 
0 1 6 9 11 15 
0 1 6 9 11 18 
0 1 6 9 13 20 
0 1 6 9 16 20 
0 1 6 9 17 21 
0 1 6 10 12 15 
0 1 6 10 13 21 
0 1 6 10 17 20 
0 1 6 10 18 21 
0 1 6 10 20 21 
0 1 6 11 13 19 
0 1 6 11 15 20 
0 1 6 11 16 20 
0 1 6 11 18 20 
0 1 6 11 19 21 
0 1 6 12 14 19 
0 1 6 12 19 20 
0 1 6 13 17 20 
0 1 6 15 17 18 
0 1 7 8 9 12 
0 1 7 8 10 12 
0 1 7 8 10 18 
0 1 7 8 11 13 
0 1 7 8 12 20 
0 1 7 8 17 19 
0 1 7 8 18 20 
0 1 7 8 18 21 
0 1 7 9 10 18 
0 1 7 9 11 12 
0 1 7 9 11 14 
0 1 7 9 12 13 
0 1 7 9 12 16 
0 1 7 9 12 18 
0 1 7 9 12 19 
0 1 7 9 18 19 
0 1 7 9 18 21 
0 1 7 10 12 14 
0 1 7 10 12 18 
0 1 7 10 16 18 
0 1 7 10 17 21 
0 1 7 10 18 20 
0 1 7 10 18 21 
0 1 7 11 12 14 
0 1 7 11 12 20 
0 1 7 11 14 16 
0 1 7 11 15 20 
0 1 7 12 14 19 
0 1 7 12 16 20 
0 1 7 12 18 20 
0 1 7 12 18 21 
0 1 7 12 19 20 
0 1 7 12 19 21 
0 1 7 13 15 18 
0 1 7 13 18 21 
0 1 8 9 12 14 
0 1 8 9 17 19 
0 1 8 10 13 19 
0 1 8 10 14 19 
0 1 8 10 17 19 
0 1 8 11 13 17 
0 1 8 11 13 19 
0 1 8 11 15 17 
0 1 8 11 16 20 
0 1 8 11 17 19 
0 1 8 11 17 21 
0 1 8 12 14 17 
0 1 8 12 14 19 
0 1 8 12 15 17 
0 1 8 12 17 19 
0 1 8 12 17 20 
0 1 8 12 18 21 
0 1 8 13 15 19 
0 1 8 13 17 19 
0 1 8 13 19 20 
0 1 8 13 19 21 
0 1 8 14 19 20 
0 1 8 17 18 19 
0 1 8 17 19 20 
0 1 9 11 12 16 
0 1 9 11 12 18 
0 1 9 11 13 16 
0 1 9 11 14 15 
0 1 9 11 15 18 
0 1 9 11 15 20 
0 1 9 11 16 19 
0 1 9 11 16 20 
0 1 9 12 14 16 
0 1 9 12 16 18 
0 1 9 12 16 21 
0 1 9 12 17 19 
0 1 9 13 14 20 
0 1 9 13 15 20 
0 1 9 13 17 20 
0 1 9 15 19 20 
0 1 9 16 20 21 
0 1 10 11 14 16 
0 1 10 11 17 19 
0 1 10 12 14 17 
0 1 10 12 15 16 
0 1 10 12 15 18 
0 1 10 12 18 19 
0 1 10 13 17 21 
0 1 10 14 17 21 
0 1 10 15 18 21 
0 1 10 15 19 21 
0 1 10 16 18 21 
0 1 10 17 18 21 
0 1 11 12 14 16 
0 1 11 12 14 18 
0 1 11 12 16 20 
0 1 11 12 18 20 
0 1 11 13 15 16 
0 1 11 13 16 19 
0 1 11 13 18 19 
0 1 11 14 15 16 
0 1 11 14 15 17 
0 1 11 14 15 20 
0 1 11 14 16 18 
0 1 11 14 16 19 
0 1 11 14 16 20 
0 1 11 14 17 21 
0 1 11 14 18 20 
0 1 11 15 16 20 
0 1 11 15 17 20 
0 1 11 15 20 21 
0 1 11 16 19 20 
0 1 12 13 14 19 
0 1 12 13 15 17 
0 1 12 13 15 18 
0 1 12 13 16 21 
0 1 12 13 17 20 
0 1 12 13 18 20 
0 1 12 14 15 18 
0 1 12 14 16 17 
0 1 12 14 16 19 
0 1 12 14 17 19 
0 1 12 14 17 21 
0 1 12 14 18 19 
0 1 12 14 18 21 
0 1 12 14 19 20 
0 1 12 15 16 21 
0 1 12 15 17 21 
0 1 12 15 18 21 
0 1 12 16 20 21 
