0 1 2 4 12 
0 1 2 5 8 
0 1 2 5 11 
0 1 2 6 9 
0 1 2 7 15 
0 1 2 8 14 
0 1 2 10 13 
0 1 2 11 14 
0 1 3 5 11 
0 1 3 5 12 
0 1 3 6 10 
0 1 3 7 8 
0 1 3 7 12 
0 1 3 7 15 
0 1 3 8 12 
0 1 3 8 14 
0 1 3 9 13 
0 1 3 11 13 
0 1 3 11 15 
0 1 3 11 16 
0 1 3 12 13 
0 1 4 6 8 
0 1 4 6 10 
0 1 4 6 13 
0 1 4 6 14 
0 1 4 7 9 
0 1 4 7 16 
0 1 4 9 11 
0 1 4 10 12 
0 1 4 10 15 
0 1 4 10 16 
0 1 4 11 13 
0 1 4 12 14 
0 1 5 6 8 
0 1 5 6 15 
0 1 5 7 8 
0 1 5 7 10 
0 1 5 7 14 
0 1 5 7 15 
0 1 5 8 16 
0 1 5 9 15 
0 1 5 12 14 
0 1 6 8 14 
0 1 6 10 15 
0 1 6 11 15 
0 1 6 13 15 
0 1 6 14 16 
0 1 7 9 14 
0 1 7 13 15 
0 1 7 13 16 
0 1 8 11 13 
0 1 8 12 14 
0 1 8 12 15 
0 1 9 11 14 
0 1 9 12 16 
0 1 10 11 13 
0 1 10 11 15 
0 1 10 12 13 
0 1 10 12 14 
0 1 10 13 16 
