0 1 2 3 6 16 27 
0 1 2 3 7 12 20 
0 1 2 3 7 15 24 
0 1 2 3 7 16 24 
0 1 2 3 8 12 16 
0 1 2 3 8 12 20 
0 1 2 3 8 13 17 
0 1 2 3 8 20 24 
0 1 2 3 8 21 25 
0 1 2 3 9 20 30 
0 1 2 3 11 15 28 
0 1 2 3 12 16 28 
0 1 2 3 12 20 29 
0 1 2 3 12 21 29 
0 1 2 3 16 24 28 
0 1 2 3 16 24 29 
0 1 2 3 19 23 28 
0 1 2 3 20 24 28 
0 1 2 4 6 16 26 
0 1 2 4 7 16 24 
0 1 2 4 7 16 27 
0 1 2 4 8 13 18 
0 1 2 4 9 13 19 
0 1 2 4 9 14 20 
0 1 2 4 9 15 25 
0 1 2 4 9 17 23 
0 1 2 4 10 15 27 
0 1 2 4 10 21 28 
0 1 2 4 11 16 29 
0 1 2 4 11 21 29 
0 1 2 4 12 15 28 
0 1 2 4 12 20 28 
0 1 2 4 13 18 27 
0 1 2 4 16 24 28 
0 1 2 4 16 24 30 
0 1 2 4 16 26 29 
0 1 2 4 18 22 27 
0 1 2 4 20 23 28 
0 1 2 4 20 25 26 
0 1 2 5 6 16 26 
0 1 2 5 8 20 24 
0 1 2 5 9 13 19 
0 1 2 5 9 15 22 
0 1 2 5 9 15 26 
0 1 2 5 10 15 27 
0 1 2 5 10 16 23 
0 1 2 5 10 21 28 
0 1 2 5 11 15 27 
0 1 2 5 11 18 30 
0 1 2 5 11 19 31 
0 1 2 5 11 21 26 
0 1 2 5 12 18 26 
0 1 2 5 12 19 25 
0 1 2 5 12 20 29 
0 1 2 5 12 21 27 
0 1 2 5 13 19 28 
0 1 2 5 14 17 27 
0 1 2 5 15 18 27 
0 1 2 5 15 21 26 
0 1 2 5 15 26 32 
0 1 2 5 16 20 26 
0 1 2 5 16 22 26 
0 1 2 5 16 25 28 
0 1 2 5 16 26 29 
0 1 2 5 17 24 30 
0 1 2 5 18 24 26 
0 1 2 6 7 22 25 
0 1 2 6 8 21 24 
0 1 2 6 9 12 19 
0 1 2 6 9 13 16 
0 1 2 6 9 13 19 
0 1 2 6 9 15 23 
0 1 2 6 9 16 22 
0 1 2 6 9 19 22 
0 1 2 6 9 19 23 
0 1 2 6 9 19 30 
0 1 2 6 9 19 31 
0 1 2 6 9 20 23 
0 1 2 6 9 21 23 
0 1 2 6 10 13 16 
0 1 2 6 10 13 19 
0 1 2 6 10 14 17 
0 1 2 6 11 14 18 
0 1 2 6 11 19 32 
0 1 2 6 13 16 24 
0 1 2 6 13 16 25 
0 1 2 6 13 16 26 
0 1 2 6 14 17 24 
0 1 2 6 14 23 32 
0 1 2 6 14 24 31 
0 1 2 6 15 22 25 
0 1 2 6 15 23 26 
0 1 2 6 15 23 30 
0 1 2 6 15 23 32 
0 1 2 6 16 23 26 
0 1 2 6 18 22 25 
0 1 2 6 19 23 26 
0 1 2 6 19 24 27 
0 1 2 6 19 24 31 
0 1 2 6 20 23 26 
0 1 2 6 21 23 26 
0 1 2 7 10 14 18 
0 1 2 7 10 17 21 
0 1 2 7 10 19 23 
0 1 2 7 10 19 30 
0 1 2 7 10 22 26 
0 1 2 7 11 14 19 
0 1 2 7 11 15 32 
0 1 2 7 11 19 22 
0 1 2 7 11 19 31 
0 1 2 7 11 19 32 
0 1 2 7 12 15 16 
0 1 2 7 12 15 31 
0 1 2 7 12 16 32 
0 1 2 7 14 25 30 
0 1 2 7 14 25 31 
0 1 2 7 15 23 31 
0 1 2 7 16 22 30 
0 1 2 7 18 21 25 
0 1 2 7 19 23 32 
0 1 2 7 20 23 31 
0 1 2 7 20 24 32 
0 1 2 7 21 24 25 
0 1 2 7 22 23 26 
0 1 2 8 11 16 20 
0 1 2 8 11 16 29 
0 1 2 8 12 14 17 
0 1 2 8 12 15 17 
0 1 2 8 12 17 20 
0 1 2 8 13 17 31 
0 1 2 8 14 23 30 
0 1 2 8 17 20 30 
0 1 2 8 17 22 31 
0 1 2 8 18 21 30 
0 1 2 8 19 28 31 
0 1 2 8 19 29 32 
0 1 2 8 20 24 30 
0 1 2 8 20 25 30 
0 1 2 8 20 25 31 
0 1 2 9 10 15 31 
0 1 2 9 11 17 30 
0 1 2 9 12 13 28 
0 1 2 9 12 14 18 
0 1 2 9 12 14 29 
0 1 2 9 12 15 29 
0 1 2 9 12 16 29 
0 1 2 9 12 19 29 
0 1 2 9 12 20 29 
0 1 2 9 13 19 30 
0 1 2 9 13 25 28 
0 1 2 9 14 20 30 
0 1 2 9 14 24 30 
0 1 2 9 15 19 30 
0 1 2 9 17 23 30 
0 1 2 9 19 22 29 
0 1 2 9 19 29 30 
0 1 2 9 19 29 31 
0 1 2 9 20 26 30 
0 1 2 10 11 14 28 
0 1 2 10 13 17 29 
0 1 2 10 13 20 29 
0 1 2 10 13 28 29 
0 1 2 10 14 17 28 
0 1 2 10 14 27 32 
0 1 2 10 16 23 30 
0 1 2 10 19 22 29 
0 1 2 10 20 26 31 
0 1 2 11 14 27 29 
0 1 2 11 15 27 30 
0 1 2 11 15 27 32 
0 1 2 11 18 21 29 
0 1 2 11 19 22 29 
0 1 2 11 19 28 31 
0 1 2 11 19 28 32 
0 1 2 11 20 28 32 
0 1 2 12 14 26 29 
0 1 2 12 15 26 29 
0 1 2 12 16 25 28 
0 1 2 12 16 26 29 
0 1 2 12 18 26 31 
0 1 2 12 19 25 30 
0 1 2 12 20 26 29 
0 1 2 13 16 24 28 
0 1 2 13 16 26 29 
0 1 2 13 19 26 29 
0 1 2 13 20 26 30 
0 1 2 14 18 25 28 
0 1 2 15 18 23 27 
0 1 2 15 19 24 27 
0 1 2 15 21 26 31 
0 1 2 15 23 27 32 
0 1 2 15 23 28 32 
0 1 2 16 21 24 28 
0 1 2 16 22 25 29 
0 1 2 16 22 26 29 
0 1 2 16 22 26 30 
0 1 2 16 22 26 31 
0 1 2 16 23 26 29 
0 1 2 17 21 23 26 
0 1 2 17 21 24 29 
0 1 2 17 21 25 28 
0 1 2 17 22 27 31 
0 1 2 18 20 23 27 
0 1 2 18 21 23 27 
0 1 2 18 21 25 29 
0 1 2 18 22 27 32 
0 1 2 19 20 23 28 
0 1 2 19 22 25 29 
0 1 2 19 22 26 29 
0 1 2 19 23 27 32 
0 1 3 4 8 13 19 
0 1 3 4 8 16 27 
0 1 3 4 9 14 16 
0 1 3 4 9 14 21 
0 1 3 4 9 16 23 
0 1 3 4 9 22 26 
0 1 3 4 10 20 25 
0 1 3 4 10 21 29 
0 1 3 4 11 15 28 
0 1 3 4 12 17 27 
0 1 3 4 14 21 28 
0 1 3 4 16 23 28 
0 1 3 4 18 24 29 
0 1 3 4 21 23 28 
0 1 3 5 7 13 22 
0 1 3 5 7 15 16 
0 1 3 5 7 16 24 
0 1 3 5 7 16 26 
0 1 3 5 7 17 25 
0 1 3 5 7 24 25 
0 1 3 5 8 11 20 
0 1 3 5 8 17 23 
0 1 3 5 9 13 20 
0 1 3 5 9 15 16 
0 1 3 5 9 15 22 
0 1 3 5 9 16 24 
0 1 3 5 9 16 28 
0 1 3 5 9 20 26 
0 1 3 5 9 23 26 
0 1 3 5 10 16 24 
0 1 3 5 11 12 20 
0 1 3 5 11 13 20 
0 1 3 5 11 14 21 
0 1 3 5 11 18 24 
0 1 3 5 11 20 26 
0 1 3 5 12 13 19 
0 1 3 5 12 15 28 
0 1 3 5 12 18 26 
0 1 3 5 12 20 26 
0 1 3 5 12 20 28 
0 1 3 5 12 20 30 
0 1 3 5 13 14 20 
0 1 3 5 13 16 27 
0 1 3 5 13 18 27 
0 1 3 5 13 19 27 
0 1 3 5 13 20 27 
0 1 3 5 13 21 27 
0 1 3 5 14 20 26 
0 1 3 5 14 21 28 
0 1 3 5 15 25 31 
0 1 3 5 15 25 32 
0 1 3 5 16 24 27 
0 1 3 5 17 23 26 
0 1 3 5 18 24 25 
0 1 3 5 19 25 26 
0 1 3 5 20 25 26 
0 1 3 5 20 26 27 
0 1 3 6 7 14 24 
0 1 3 6 7 15 23 
0 1 3 6 8 23 27 
0 1 3 6 9 23 27 
0 1 3 6 10 14 18 
0 1 3 6 10 15 23 
0 1 3 6 10 15 26 
0 1 3 6 12 14 29 
0 1 3 6 12 16 26 
0 1 3 6 15 19 26 
0 1 3 6 15 22 26 
0 1 3 6 15 23 27 
0 1 3 6 15 23 29 
0 1 3 6 15 23 30 
0 1 3 6 15 23 32 
0 1 3 6 15 26 32 
0 1 3 6 17 21 26 
0 1 3 6 19 23 27 
0 1 3 6 20 24 31 
0 1 3 6 22 24 26 
0 1 3 7 9 14 19 
0 1 3 7 9 14 24 
0 1 3 7 9 17 22 
0 1 3 7 9 19 29 
0 1 3 7 10 15 23 
0 1 3 7 10 21 26 
0 1 3 7 11 15 16 
0 1 3 7 11 15 20 
0 1 3 7 11 15 31 
0 1 3 7 11 16 19 
0 1 3 7 11 16 21 
0 1 3 7 11 16 22 
0 1 3 7 11 19 24 
0 1 3 7 11 19 31 
0 1 3 7 11 22 27 
0 1 3 7 12 15 23 
0 1 3 7 12 16 26 
0 1 3 7 12 17 25 
0 1 3 7 12 17 32 
0 1 3 7 12 20 22 
0 1 3 7 12 20 30 
0 1 3 7 13 20 25 
0 1 3 7 15 20 25 
0 1 3 7 15 23 31 
0 1 3 7 16 17 28 
0 1 3 7 19 23 28 
0 1 3 7 19 23 31 
0 1 3 7 19 27 29 
0 1 3 7 20 24 25 
0 1 3 7 21 23 31 
0 1 3 7 21 24 29 
0 1 3 7 22 23 31 
0 1 3 8 9 13 19 
0 1 3 8 9 18 22 
0 1 3 8 9 19 29 
0 1 3 8 9 20 24 
0 1 3 8 9 22 26 
0 1 3 8 10 14 26 
0 1 3 8 11 17 21 
0 1 3 8 11 23 27 
0 1 3 8 12 13 19 
0 1 3 8 12 14 18 
0 1 3 8 12 16 22 
0 1 3 8 12 17 23 
0 1 3 8 12 18 20 
0 1 3 8 12 18 31 
0 1 3 8 12 18 32 
0 1 3 8 12 20 26 
0 1 3 8 12 20 30 
0 1 3 8 12 26 28 
0 1 3 8 13 17 19 
0 1 3 8 13 17 23 
0 1 3 8 13 17 28 
0 1 3 8 13 19 32 
0 1 3 8 14 18 24 
0 1 3 8 14 24 29 
0 1 3 8 14 24 32 
0 1 3 8 15 21 25 
0 1 3 8 16 22 32 
0 1 3 8 16 24 30 
0 1 3 8 17 18 30 
0 1 3 8 17 21 23 
0 1 3 8 17 23 29 
0 1 3 8 19 24 28 
0 1 3 8 19 28 29 
0 1 3 8 20 21 30 
0 1 3 8 20 23 27 
0 1 3 8 20 23 29 
0 1 3 8 23 24 27 
0 1 3 9 11 15 16 
0 1 3 9 11 16 30 
0 1 3 9 11 17 29 
0 1 3 9 12 19 29 
0 1 3 9 13 14 16 
0 1 3 9 13 14 29 
0 1 3 9 13 15 20 
0 1 3 9 13 18 20 
0 1 3 9 13 20 28 
0 1 3 9 13 20 31 
0 1 3 9 14 18 26 
0 1 3 9 14 26 29 
0 1 3 9 14 26 32 
0 1 3 9 15 25 29 
0 1 3 9 15 26 29 
0 1 3 9 18 23 30 
0 1 3 9 19 22 29 
0 1 3 9 19 29 30 
0 1 3 9 19 29 31 
0 1 3 9 20 24 29 
0 1 3 9 20 24 31 
0 1 3 9 20 27 32 
0 1 3 9 21 22 26 
0 1 3 9 22 26 27 
0 1 3 10 11 15 16 
0 1 3 10 11 15 28 
0 1 3 10 11 24 28 
0 1 3 10 12 14 28 
0 1 3 10 13 17 28 
0 1 3 10 14 16 28 
0 1 3 10 14 25 31 
0 1 3 10 14 26 28 
0 1 3 10 14 28 31 
0 1 3 10 15 23 27 
0 1 3 10 15 26 30 
0 1 3 10 15 28 32 
0 1 3 10 16 21 29 
0 1 3 10 17 21 28 
0 1 3 10 18 29 30 
0 1 3 10 20 28 32 
0 1 3 10 21 27 29 
0 1 3 11 12 27 31 
0 1 3 11 13 27 29 
0 1 3 11 13 27 31 
0 1 3 11 14 27 32 
0 1 3 11 15 16 27 
0 1 3 11 15 20 26 
0 1 3 11 15 20 27 
0 1 3 11 15 27 28 
0 1 3 11 15 27 31 
0 1 3 11 17 20 29 
0 1 3 11 17 21 26 
0 1 3 11 17 24 29 
0 1 3 11 19 27 31 
0 1 3 11 19 27 32 
0 1 3 11 20 23 29 
0 1 3 11 21 25 28 
0 1 3 11 21 28 30 
0 1 3 12 15 23 29 
0 1 3 12 16 26 28 
0 1 3 12 17 26 30 
0 1 3 12 17 26 32 
0 1 3 12 19 23 28 
0 1 3 12 19 25 29 
0 1 3 12 20 29 30 
0 1 3 13 17 24 28 
0 1 3 13 17 26 28 
0 1 3 13 17 27 28 
0 1 3 13 19 25 29 
0 1 3 13 20 24 28 
0 1 3 13 22 28 29 
0 1 3 14 20 26 29 
0 1 3 14 21 25 31 
0 1 3 14 21 26 30 
0 1 3 15 17 21 26 
0 1 3 15 17 24 28 
0 1 3 15 18 23 27 
0 1 3 15 19 26 28 
0 1 3 15 20 23 27 
0 1 3 15 20 23 29 
0 1 3 15 20 24 26 
0 1 3 15 20 26 29 
0 1 3 15 23 27 31 
0 1 3 15 23 27 32 
0 1 3 15 23 29 32 
0 1 3 15 25 28 32 
0 1 3 16 17 22 26 
0 1 3 16 17 24 28 
0 1 3 16 19 23 28 
0 1 3 16 22 24 29 
0 1 3 16 22 26 27 
0 1 3 16 22 26 31 
0 1 3 17 21 23 26 
0 1 3 17 21 24 28 
0 1 3 17 21 26 28 
0 1 3 17 21 26 32 
0 1 3 17 21 27 28 
0 1 3 18 20 24 25 
0 1 3 18 20 25 30 
0 1 3 19 21 23 28 
0 1 3 19 21 25 26 
0 1 3 19 21 25 29 
0 1 3 19 21 26 30 
0 1 3 19 21 29 30 
0 1 3 19 22 23 27 
0 1 3 19 22 27 32 
0 1 3 19 23 24 27 
0 1 3 19 23 27 31 
0 1 3 19 24 25 32 
0 1 3 20 21 23 29 
0 1 3 20 21 25 26 
0 1 4 5 6 13 23 
0 1 4 5 7 13 23 
0 1 4 5 7 14 22 
0 1 4 5 7 16 24 
0 1 4 5 7 23 25 
0 1 4 5 8 14 16 
0 1 4 5 10 12 18 
0 1 4 5 10 12 20 
0 1 4 5 11 13 18 
0 1 4 5 11 13 20 
0 1 4 5 12 14 18 
0 1 4 5 12 14 20 
0 1 4 5 13 15 31 
0 1 4 5 14 22 31 
0 1 4 5 15 25 31 
0 1 4 5 15 25 32 
0 1 4 5 16 24 31 
0 1 4 5 18 24 26 
0 1 4 5 18 25 27 
0 1 4 5 18 26 28 
0 1 4 5 20 24 26 
0 1 4 5 20 25 27 
0 1 4 5 20 26 28 
0 1 4 5 22 24 30 
0 1 4 6 7 16 26 
0 1 4 6 7 17 25 
0 1 4 6 8 13 23 
0 1 4 6 8 17 18 
0 1 4 6 8 18 28 
0 1 4 6 8 22 24 
0 1 4 6 9 16 20 
0 1 4 6 9 20 27 
0 1 4 6 10 14 21 
0 1 4 6 10 17 18 
0 1 4 6 10 17 25 
0 1 4 6 10 18 26 
0 1 4 6 10 25 26 
0 1 4 6 11 21 25 
0 1 4 6 12 14 21 
0 1 4 6 12 14 30 
0 1 4 6 12 20 30 
0 1 4 6 13 14 22 
0 1 4 6 13 15 23 
0 1 4 6 13 15 29 
0 1 4 6 13 18 29 
0 1 4 6 13 21 23 
0 1 4 6 13 23 31 
0 1 4 6 14 15 21 
0 1 4 6 14 15 22 
0 1 4 6 14 16 23 
0 1 4 6 14 18 25 
0 1 4 6 14 21 23 
0 1 4 6 14 21 25 
0 1 4 6 14 21 28 
0 1 4 6 14 22 30 
0 1 4 6 15 16 26 
0 1 4 6 16 23 24 
0 1 4 6 16 25 26 
0 1 4 6 16 26 30 
0 1 4 6 17 24 25 
0 1 4 6 18 24 26 
0 1 4 6 18 26 27 
0 1 4 6 18 26 28 
0 1 4 6 20 22 29 
0 1 4 6 20 22 30 
0 1 4 7 9 14 25 
0 1 4 7 9 19 20 
0 1 4 7 9 22 23 
0 1 4 7 12 14 16 
0 1 4 7 12 23 25 
0 1 4 7 14 16 29 
0 1 4 7 15 17 28 
0 1 4 7 18 20 28 
0 1 4 7 19 23 32 
0 1 4 7 19 24 26 
0 1 4 7 20 23 25 
0 1 4 8 10 15 20 
0 1 4 8 10 15 21 
0 1 4 8 10 17 22 
0 1 4 8 12 18 32 
0 1 4 8 13 15 31 
0 1 4 8 13 20 31 
0 1 4 8 14 21 32 
0 1 4 8 14 25 32 
0 1 4 8 17 22 31 
0 1 4 8 18 28 30 
0 1 4 8 19 24 31 
0 1 4 8 21 23 28 
0 1 4 8 22 24 27 
0 1 4 8 22 24 28 
0 1 4 8 23 25 28 
0 1 4 9 11 13 27 
0 1 4 9 11 13 28 
0 1 4 9 11 15 21 
0 1 4 9 11 22 28 
0 1 4 9 14 15 16 
0 1 4 9 14 16 20 
0 1 4 9 14 16 22 
0 1 4 9 14 16 27 
0 1 4 9 14 16 31 
0 1 4 9 14 25 27 
0 1 4 9 14 26 32 
0 1 4 9 15 17 27 
0 1 4 9 15 22 32 
0 1 4 9 20 22 27 
0 1 4 9 20 25 27 
0 1 4 9 20 27 32 
0 1 4 9 21 23 27 
0 1 4 10 11 13 18 
0 1 4 10 11 13 29 
0 1 4 10 12 15 17 
0 1 4 10 12 17 18 
0 1 4 10 12 17 19 
0 1 4 10 12 29 30 
0 1 4 10 13 15 26 
0 1 4 10 14 26 28 
0 1 4 10 14 26 32 
0 1 4 10 15 17 25 
0 1 4 10 15 17 29 
0 1 4 10 16 18 23 
0 1 4 10 16 27 29 
0 1 4 10 17 29 32 
0 1 4 10 18 23 25 
0 1 4 10 18 26 31 
0 1 4 10 18 30 32 
0 1 4 10 19 21 26 
0 1 4 10 20 22 29 
0 1 4 10 20 25 32 
0 1 4 11 12 13 18 
0 1 4 11 13 16 19 
0 1 4 11 13 18 19 
0 1 4 11 13 19 28 
0 1 4 11 13 19 29 
0 1 4 11 13 20 28 
0 1 4 11 13 23 29 
0 1 4 11 13 25 28 
0 1 4 11 13 27 29 
0 1 4 11 14 26 28 
0 1 4 11 16 18 24 
0 1 4 11 16 25 31 
0 1 4 11 17 25 32 
0 1 4 11 18 24 32 
0 1 4 11 19 21 28 
0 1 4 11 19 28 31 
0 1 4 11 19 28 32 
0 1 4 11 20 22 28 
0 1 4 11 20 26 32 
0 1 4 12 13 27 29 
0 1 4 12 14 19 28 
0 1 4 12 14 27 28 
0 1 4 12 14 28 30 
0 1 4 12 18 23 25 
0 1 4 12 18 27 32 
0 1 4 12 20 25 27 
0 1 4 12 20 27 29 
0 1 4 12 20 28 30 
0 1 4 13 14 26 31 
0 1 4 13 15 27 29 
0 1 4 13 16 26 32 
0 1 4 13 16 27 29 
0 1 4 13 18 24 26 
0 1 4 13 18 26 28 
0 1 4 13 18 27 29 
0 1 4 13 21 23 28 
0 1 4 13 22 27 29 
0 1 4 14 16 23 29 
0 1 4 14 16 26 28 
0 1 4 14 17 26 32 
0 1 4 14 18 20 25 
0 1 4 14 18 26 28 
0 1 4 14 19 21 25 
0 1 4 14 20 22 29 
0 1 4 14 20 25 32 
0 1 4 14 21 23 29 
0 1 4 14 22 26 31 
0 1 4 14 22 27 31 
0 1 4 14 22 28 30 
0 1 4 14 22 29 31 
0 1 4 14 25 31 32 
0 1 4 15 16 26 28 
0 1 4 15 19 25 32 
0 1 4 15 20 25 27 
0 1 4 15 20 27 29 
0 1 4 15 21 23 28 
0 1 4 15 21 24 26 
0 1 4 15 21 25 32 
0 1 4 15 24 27 32 
0 1 4 15 25 28 32 
0 1 4 16 17 26 31 
0 1 4 16 18 23 24 
0 1 4 16 18 27 29 
0 1 4 16 20 25 27 
0 1 4 16 20 26 28 
0 1 4 16 20 27 29 
0 1 4 16 23 25 29 
0 1 4 16 23 29 32 
0 1 4 17 18 23 25 
0 1 4 17 18 27 29 
0 1 4 17 23 25 32 
0 1 4 18 21 24 26 
0 1 4 18 21 26 28 
0 1 4 18 21 27 29 
0 1 4 18 22 24 29 
0 1 4 18 23 24 25 
0 1 4 18 23 25 31 
0 1 4 20 22 23 29 
0 1 4 20 22 25 27 
0 1 4 20 22 27 28 
0 1 4 20 22 27 29 
0 1 4 20 22 28 30 
0 1 5 6 7 15 18 
0 1 5 6 8 13 24 
0 1 5 6 8 18 27 
0 1 5 6 12 21 31 
0 1 5 6 13 14 16 
0 1 5 6 13 15 16 
0 1 5 6 15 26 31 
0 1 5 6 21 24 32 
0 1 5 6 23 24 26 
0 1 5 6 23 25 26 
0 1 5 7 9 17 20 
0 1 5 7 9 19 22 
0 1 5 7 10 14 22 
0 1 5 7 10 15 21 
0 1 5 7 10 15 27 
0 1 5 7 10 18 19 
0 1 5 7 10 18 21 
0 1 5 7 10 18 26 
0 1 5 7 10 19 27 
0 1 5 7 10 21 25 
0 1 5 7 10 23 26 
0 1 5 7 11 14 22 
0 1 5 7 11 22 25 
0 1 5 7 11 25 28 
0 1 5 7 12 14 30 
0 1 5 7 12 15 21 
0 1 5 7 12 21 30 
0 1 5 7 13 15 16 
0 1 5 7 13 16 24 
0 1 5 7 13 16 26 
0 1 5 7 13 16 30 
0 1 5 7 13 24 31 
0 1 5 7 14 17 22 
0 1 5 7 14 17 25 
0 1 5 7 14 18 30 
0 1 5 7 14 19 30 
0 1 5 7 14 22 30 
0 1 5 7 14 23 26 
0 1 5 7 15 18 27 
0 1 5 7 15 22 25 
0 1 5 7 15 24 27 
0 1 5 7 15 27 31 
0 1 5 7 16 17 30 
0 1 5 7 16 18 30 
0 1 5 7 16 21 24 
0 1 5 7 16 21 30 
0 1 5 7 16 26 29 
0 1 5 7 18 21 30 
0 1 5 7 18 24 30 
0 1 5 7 19 21 30 
0 1 5 7 19 24 27 
0 1 5 7 20 23 32 
0 1 5 7 21 22 30 
0 1 5 7 21 23 30 
0 1 5 7 21 23 31 
0 1 5 7 22 24 25 
0 1 5 7 23 25 26 
0 1 5 8 10 15 21 
0 1 5 8 10 16 20 
0 1 5 8 10 16 29 
0 1 5 8 10 20 27 
0 1 5 8 10 22 28 
0 1 5 8 11 18 20 
0 1 5 8 11 18 32 
0 1 5 8 11 20 22 
0 1 5 8 11 23 25 
0 1 5 8 11 24 26 
0 1 5 8 12 14 18 
0 1 5 8 12 15 32 
0 1 5 8 12 18 32 
0 1 5 8 14 16 26 
0 1 5 8 14 16 28 
0 1 5 8 14 19 31 
0 1 5 8 14 20 31 
0 1 5 8 14 21 23 
0 1 5 8 14 22 32 
0 1 5 8 15 17 28 
0 1 5 8 15 21 32 
0 1 5 8 15 25 27 
0 1 5 8 17 19 28 
0 1 5 8 18 20 27 
0 1 5 8 18 21 32 
0 1 5 8 18 22 24 
0 1 5 8 18 22 32 
0 1 5 8 18 27 29 
0 1 5 8 18 29 32 
0 1 5 8 18 30 32 
0 1 5 8 19 21 28 
0 1 5 8 19 22 32 
0 1 5 8 19 25 31 
0 1 5 8 20 22 32 
0 1 5 8 20 25 31 
0 1 5 9 11 14 26 
0 1 5 9 11 18 30 
0 1 5 9 12 15 32 
0 1 5 9 12 18 32 
0 1 5 9 13 15 16 
0 1 5 9 13 15 31 
0 1 5 9 13 16 32 
0 1 5 9 15 21 31 
0 1 5 9 15 22 31 
0 1 5 9 19 25 31 
0 1 5 9 22 24 27 
0 1 5 10 12 13 27 
0 1 5 10 12 15 18 
0 1 5 10 12 16 30 
0 1 5 10 12 18 31 
0 1 5 10 13 15 27 
0 1 5 10 13 17 32 
0 1 5 10 13 25 27 
0 1 5 10 13 27 31 
0 1 5 10 14 25 31 
0 1 5 10 16 30 31 
0 1 5 10 17 23 31 
0 1 5 10 18 31 32 
0 1 5 10 20 26 31 
0 1 5 11 12 14 30 
0 1 5 11 13 14 18 
0 1 5 11 13 14 31 
0 1 5 11 13 16 20 
0 1 5 11 13 17 20 
0 1 5 11 13 20 30 
0 1 5 11 14 16 26 
0 1 5 11 14 19 21 
0 1 5 11 14 19 31 
0 1 5 11 14 23 31 
0 1 5 11 14 26 28 
0 1 5 11 14 26 31 
0 1 5 11 17 26 31 
0 1 5 11 18 20 30 
0 1 5 11 19 22 31 
0 1 5 11 19 28 31 
0 1 5 11 21 23 30 
0 1 5 11 21 24 26 
0 1 5 11 24 26 27 
0 1 5 11 25 26 28 
0 1 5 12 13 15 21 
0 1 5 12 14 20 30 
0 1 5 12 14 24 30 
0 1 5 12 14 28 30 
0 1 5 12 15 21 23 
0 1 5 12 15 23 32 
0 1 5 12 15 24 32 
0 1 5 12 15 25 31 
0 1 5 12 15 25 32 
0 1 5 13 15 16 22 
0 1 5 13 15 18 27 
0 1 5 13 15 19 22 
0 1 5 13 16 23 32 
0 1 5 13 18 24 31 
0 1 5 13 22 31 32 
0 1 5 13 23 30 32 
0 1 5 13 24 30 31 
0 1 5 14 17 19 27 
0 1 5 14 17 23 31 
0 1 5 14 21 24 32 
0 1 5 14 22 25 32 
0 1 5 14 22 29 32 
0 1 5 14 22 31 32 
0 1 5 15 17 20 26 
0 1 5 15 18 24 26 
0 1 5 15 18 25 27 
0 1 5 15 21 23 30 
0 1 5 15 21 24 26 
0 1 5 15 22 25 27 
0 1 5 15 22 25 31 
0 1 5 15 22 25 32 
0 1 5 15 25 26 31 
0 1 5 15 25 27 31 
0 1 5 16 21 28 30 
0 1 5 17 19 24 30 
0 1 5 17 20 25 27 
0 1 5 17 20 26 28 
0 1 5 17 21 24 32 
0 1 5 17 23 25 31 
0 1 5 18 20 27 30 
0 1 5 18 22 24 25 
0 1 5 18 22 25 32 
0 1 5 18 23 24 26 
0 1 5 18 23 26 32 
0 1 5 18 23 30 32 
0 1 5 18 24 26 27 
0 1 5 18 24 26 29 
0 1 5 19 21 24 27 
0 1 5 19 21 28 30 
0 1 5 19 22 25 32 
0 1 5 20 21 25 31 
0 1 5 20 22 25 32 
0 1 5 20 22 28 31 
0 1 5 21 23 24 30 
0 1 6 7 9 17 21 
0 1 6 7 9 19 23 
0 1 6 7 9 23 27 
0 1 6 7 10 18 20 
0 1 6 7 10 26 28 
0 1 6 7 12 14 30 
0 1 6 7 13 17 31 
0 1 6 7 17 21 31 
0 1 6 7 19 23 31 
0 1 6 7 20 22 30 
0 1 6 8 9 13 23 
0 1 6 8 9 16 20 
0 1 6 8 9 18 22 
0 1 6 8 9 20 24 
0 1 6 8 9 23 29 
0 1 6 8 10 13 24 
0 1 6 8 10 19 22 
0 1 6 8 10 20 23 
0 1 6 8 10 21 24 
0 1 6 8 11 16 20 
0 1 6 8 11 20 24 
0 1 6 8 11 21 25 
0 1 6 8 12 15 25 
0 1 6 8 13 16 30 
0 1 6 8 13 17 31 
0 1 6 8 14 17 18 
0 1 6 8 14 17 29 
0 1 6 8 14 18 30 
0 1 6 8 14 29 30 
0 1 6 8 15 18 19 
0 1 6 8 15 19 31 
0 1 6 8 16 17 20 
0 1 6 8 16 20 30 
0 1 6 8 16 21 30 
0 1 6 8 16 28 30 
0 1 6 8 16 29 30 
0 1 6 8 17 20 24 
0 1 6 8 17 21 31 
0 1 6 8 18 19 30 
0 1 6 8 18 20 30 
0 1 6 8 18 22 31 
0 1 6 8 20 23 24 
0 1 6 8 20 23 29 
0 1 6 8 20 23 30 
0 1 6 8 20 24 30 
0 1 6 8 20 24 31 
0 1 6 8 22 26 31 
0 1 6 8 24 27 28 
0 1 6 9 11 13 27 
0 1 6 9 11 13 28 
0 1 6 9 11 14 18 
0 1 6 9 11 15 22 
0 1 6 9 11 26 30 
0 1 6 9 12 14 16 
0 1 6 9 13 15 23 
0 1 6 9 13 17 19 
0 1 6 9 13 17 32 
0 1 6 9 13 21 23 
0 1 6 9 13 23 31 
0 1 6 9 16 18 20 
0 1 6 9 16 20 22 
0 1 6 9 16 20 32 
0 1 6 9 18 22 32 
0 1 6 9 18 29 32 
0 1 6 9 21 23 27 
0 1 6 9 21 23 30 
0 1 6 9 21 25 32 
0 1 6 9 23 27 29 
0 1 6 10 12 15 26 
0 1 6 10 12 26 30 
0 1 6 10 13 15 23 
0 1 6 10 13 15 26 
0 1 6 10 13 17 31 
0 1 6 10 13 18 32 
0 1 6 10 13 23 25 
0 1 6 10 13 24 26 
0 1 6 10 14 21 31 
0 1 6 10 14 31 32 
0 1 6 10 15 26 31 
0 1 6 10 17 18 20 
0 1 6 10 17 18 31 
0 1 6 10 17 19 31 
0 1 6 10 17 21 31 
0 1 6 10 18 21 32 
0 1 6 10 18 30 32 
0 1 6 10 18 31 32 
0 1 6 10 21 24 26 
0 1 6 10 23 24 31 
0 1 6 11 13 15 31 
0 1 6 11 13 19 30 
0 1 6 11 13 21 30 
0 1 6 11 13 26 30 
0 1 6 11 13 30 31 
0 1 6 11 14 15 32 
0 1 6 11 14 18 20 
0 1 6 11 14 30 32 
0 1 6 11 15 18 31 
0 1 6 11 15 22 31 
0 1 6 11 15 27 31 
0 1 6 11 15 31 32 
0 1 6 11 18 30 31 
0 1 6 12 14 23 30 
0 1 6 12 23 25 30 
0 1 6 12 24 26 29 
0 1 6 13 15 23 30 
0 1 6 13 15 26 29 
0 1 6 13 17 24 31 
0 1 6 13 20 28 30 
0 1 6 13 20 29 31 
0 1 6 13 20 30 31 
0 1 6 13 24 29 32 
0 1 6 13 24 30 32 
0 1 6 14 16 27 30 
0 1 6 14 17 21 23 
0 1 6 14 18 21 23 
0 1 6 14 21 23 30 
0 1 6 14 21 25 31 
0 1 6 14 22 29 31 
0 1 6 14 22 30 32 
0 1 6 15 17 26 29 
0 1 6 15 20 22 30 
0 1 6 15 21 23 30 
0 1 6 15 21 29 32 
0 1 6 16 26 28 30 
0 1 6 17 18 27 31 
0 1 6 17 19 26 29 
0 1 6 17 19 27 30 
0 1 6 17 20 24 32 
0 1 6 17 21 24 31 
0 1 6 17 21 26 31 
0 1 6 18 20 24 31 
0 1 6 18 20 26 29 
0 1 6 18 21 23 25 
0 1 6 18 22 31 32 
0 1 6 18 25 29 31 
0 1 6 19 22 24 26 
0 1 6 19 22 29 31 
0 1 6 19 22 30 32 
0 1 6 19 23 24 31 
0 1 6 19 23 30 31 
0 1 6 19 23 31 32 
0 1 6 20 22 24 31 
0 1 6 20 23 24 32 
0 1 6 21 22 25 32 
0 1 6 21 23 25 26 
0 1 6 21 23 25 28 
0 1 6 21 23 25 30 
0 1 6 22 24 25 26 
0 1 7 8 10 12 27 
0 1 7 8 10 16 29 
0 1 7 8 10 23 29 
0 1 7 8 11 13 25 
0 1 7 8 12 18 31 
0 1 7 8 12 25 31 
0 1 7 8 14 29 31 
0 1 7 8 16 28 30 
0 1 7 9 11 12 25 
0 1 7 9 11 14 26 
0 1 7 9 12 14 30 
0 1 7 9 12 19 29 
0 1 7 9 12 20 24 
0 1 7 9 12 22 26 
0 1 7 9 12 23 27 
0 1 7 9 14 17 29 
0 1 7 9 14 18 30 
0 1 7 9 14 19 30 
0 1 7 9 14 22 30 
0 1 7 9 14 25 30 
0 1 7 9 14 29 30 
0 1 7 9 16 19 29 
0 1 7 9 16 29 30 
0 1 7 9 19 26 29 
0 1 7 9 20 25 30 
0 1 7 9 21 24 29 
0 1 7 10 11 15 31 
0 1 7 10 11 26 31 
0 1 7 10 12 14 18 
0 1 7 10 12 16 20 
0 1 7 10 12 25 29 
0 1 7 10 12 26 30 
0 1 7 10 13 15 29 
0 1 7 10 15 17 21 
0 1 7 10 15 19 32 
0 1 7 10 15 27 29 
0 1 7 10 15 28 32 
0 1 7 10 18 29 31 
0 1 7 10 19 27 29 
0 1 7 11 12 15 31 
0 1 7 11 13 15 16 
0 1 7 11 13 16 19 
0 1 7 11 13 16 21 
0 1 7 11 13 16 25 
0 1 7 11 13 16 26 
0 1 7 11 13 16 32 
0 1 7 11 13 25 28 
0 1 7 11 13 25 30 
0 1 7 11 14 16 19 
0 1 7 11 14 16 22 
0 1 7 11 14 16 26 
0 1 7 11 14 16 32 
0 1 7 11 14 19 31 
0 1 7 11 14 26 31 
0 1 7 11 15 28 31 
0 1 7 11 16 19 21 
0 1 7 11 16 19 31 
0 1 7 11 16 19 32 
0 1 7 11 19 21 24 
0 1 7 11 19 22 24 
0 1 7 11 19 24 31 
0 1 7 11 19 28 31 
0 1 7 11 20 23 25 
0 1 7 11 21 24 26 
0 1 7 11 22 25 27 
0 1 7 11 23 26 31 
0 1 7 11 25 27 28 
0 1 7 11 25 28 31 
0 1 7 11 26 28 31 
0 1 7 12 14 25 30 
0 1 7 12 15 17 21 
0 1 7 12 16 30 32 
0 1 7 12 23 27 31 
0 1 7 13 21 29 31 
0 1 7 13 22 29 32 
0 1 7 14 16 26 29 
0 1 7 14 19 23 31 
0 1 7 14 21 29 31 
0 1 7 14 24 26 29 
0 1 7 14 25 28 30 
0 1 7 15 17 20 29 
0 1 7 15 21 29 31 
0 1 7 15 24 27 29 
0 1 7 16 19 21 29 
0 1 7 16 19 27 29 
0 1 7 16 19 29 32 
0 1 7 16 21 29 31 
0 1 7 16 21 30 32 
0 1 7 16 26 28 29 
0 1 7 17 19 25 30 
0 1 7 17 20 22 26 
0 1 7 17 20 29 32 
0 1 7 17 22 30 31 
0 1 7 18 19 23 31 
0 1 7 18 20 25 30 
0 1 7 18 21 23 25 
0 1 7 18 21 29 31 
0 1 7 18 26 30 31 
0 1 7 18 27 30 32 
0 1 7 18 28 31 32 
0 1 7 19 20 23 25 
0 1 7 19 21 24 29 
0 1 7 19 23 29 32 
0 1 7 19 24 27 29 
0 1 7 19 24 29 32 
0 1 7 19 24 30 32 
0 1 7 20 21 23 25 
0 1 7 20 22 24 25 
0 1 7 21 22 24 26 
0 1 7 21 22 24 29 
0 1 7 21 23 25 26 
0 1 7 21 23 25 28 
0 1 7 21 23 25 30 
0 1 7 22 24 26 27 
0 1 8 9 10 12 28 
0 1 8 9 11 13 27 
0 1 8 9 11 13 28 
0 1 8 9 11 27 29 
0 1 8 9 11 28 29 
0 1 8 9 12 14 18 
0 1 8 9 12 14 24 
0 1 8 9 13 14 31 
0 1 8 9 13 15 31 
0 1 8 9 14 29 31 
0 1 8 9 14 30 32 
0 1 8 9 15 29 31 
0 1 8 9 18 28 30 
0 1 8 9 24 28 30 
0 1 8 10 11 16 20 
0 1 8 10 11 16 29 
0 1 8 10 11 28 29 
0 1 8 10 12 13 27 
0 1 8 10 12 15 28 
0 1 8 10 12 28 31 
0 1 8 10 13 14 25 
0 1 8 10 13 16 30 
0 1 8 10 13 17 19 
0 1 8 10 13 19 29 
0 1 8 10 13 19 30 
0 1 8 10 13 23 27 
0 1 8 10 13 23 29 
0 1 8 10 13 24 28 
0 1 8 10 14 19 31 
0 1 8 10 14 29 30 
0 1 8 10 15 27 30 
0 1 8 10 16 19 29 
0 1 8 10 16 21 30 
0 1 8 10 16 28 30 
0 1 8 10 16 29 30 
0 1 8 10 16 29 32 
0 1 8 10 21 24 28 
0 1 8 10 23 26 29 
0 1 8 11 12 27 32 
0 1 8 11 13 15 17 
0 1 8 11 13 17 19 
0 1 8 11 13 17 31 
0 1 8 11 13 17 32 
0 1 8 11 13 28 32 
0 1 8 11 14 16 20 
0 1 8 11 14 28 32 
0 1 8 11 15 17 20 
0 1 8 11 15 28 32 
0 1 8 11 16 20 22 
0 1 8 11 17 29 31 
0 1 8 11 18 28 32 
0 1 8 11 19 28 32 
0 1 8 11 20 27 29 
0 1 8 11 24 27 29 
0 1 8 11 25 29 31 
0 1 8 12 13 25 31 
0 1 8 12 14 17 18 
0 1 8 12 14 17 23 
0 1 8 12 14 17 27 
0 1 8 12 17 18 20 
0 1 8 12 17 18 31 
0 1 8 12 18 29 32 
0 1 8 12 19 28 31 
0 1 8 12 22 25 27 
0 1 8 12 24 27 32 
0 1 8 12 25 26 31 
0 1 8 12 25 30 31 
0 1 8 13 15 24 30 
0 1 8 13 16 18 22 
0 1 8 13 17 19 31 
0 1 8 13 17 23 31 
0 1 8 13 17 28 31 
0 1 8 13 19 29 32 
0 1 8 13 23 29 32 
0 1 8 13 24 27 31 
0 1 8 14 17 19 29 
0 1 8 14 18 20 23 
0 1 8 14 18 21 23 
0 1 8 14 18 29 32 
0 1 8 14 19 23 31 
0 1 8 14 20 29 31 
0 1 8 14 22 26 31 
0 1 8 14 22 29 31 
0 1 8 14 23 29 31 
0 1 8 14 25 29 31 
0 1 8 15 19 21 24 
0 1 8 15 19 28 31 
0 1 8 16 20 25 31 
0 1 8 16 22 29 31 
0 1 8 16 22 29 32 
0 1 8 16 24 27 29 
0 1 8 16 24 28 30 
0 1 8 18 19 28 30 
0 1 8 18 20 23 24 
0 1 8 18 20 23 27 
0 1 8 18 20 23 29 
0 1 8 18 20 26 29 
0 1 8 18 21 23 27 
0 1 8 18 21 27 29 
0 1 8 18 21 28 32 
0 1 8 18 22 27 31 
0 1 8 18 22 28 31 
0 1 8 18 27 28 30 
0 1 8 18 27 29 31 
0 1 8 18 28 29 32 
0 1 8 18 28 30 32 
0 1 8 19 20 23 25 
0 1 8 19 21 24 25 
0 1 8 19 21 24 28 
0 1 8 19 21 24 30 
0 1 8 19 22 24 28 
0 1 8 19 24 28 31 
0 1 8 19 25 29 32 
0 1 8 20 23 25 27 
0 1 8 20 23 25 29 
0 1 8 20 24 26 31 
0 1 9 10 11 16 30 
0 1 9 10 12 14 16 
0 1 9 10 12 14 27 
0 1 9 10 12 16 29 
0 1 9 10 12 27 29 
0 1 9 10 13 15 26 
0 1 9 10 13 27 32 
0 1 9 10 14 16 31 
0 1 9 10 14 27 31 
0 1 9 10 16 29 31 
0 1 9 10 17 28 30 
0 1 9 10 27 29 31 
0 1 9 11 12 14 18 
0 1 9 11 13 14 27 
0 1 9 11 13 15 16 
0 1 9 11 13 15 18 
0 1 9 11 13 16 19 
0 1 9 11 13 16 27 
0 1 9 11 13 16 28 
0 1 9 11 14 15 26 
0 1 9 11 14 15 27 
0 1 9 11 14 23 27 
0 1 9 11 14 27 30 
0 1 9 11 16 17 30 
0 1 9 11 16 22 30 
0 1 9 11 16 24 30 
0 1 9 11 21 24 28 
0 1 9 11 22 27 30 
0 1 9 11 23 26 29 
0 1 9 11 27 29 30 
0 1 9 12 13 17 19 
0 1 9 12 14 16 22 
0 1 9 12 14 18 19 
0 1 9 12 16 28 32 
0 1 9 12 19 27 29 
0 1 9 12 19 28 32 
0 1 9 12 23 27 29 
0 1 9 12 27 28 32 
0 1 9 13 15 20 30 
0 1 9 13 16 27 32 
0 1 9 13 19 26 31 
0 1 9 13 20 28 30 
0 1 9 13 23 26 28 
0 1 9 13 23 28 30 
0 1 9 13 24 27 29 
0 1 9 13 26 31 32 
0 1 9 14 16 20 30 
0 1 9 14 19 27 31 
0 1 9 14 21 27 31 
0 1 9 14 24 30 31 
0 1 9 15 17 19 22 
0 1 9 15 22 29 32 
0 1 9 16 20 28 30 
0 1 9 17 19 24 30 
0 1 9 17 20 27 29 
0 1 9 17 22 27 31 
0 1 9 17 24 28 30 
0 1 9 17 27 28 30 
0 1 9 17 27 29 31 
0 1 9 18 21 23 27 
0 1 9 18 21 28 32 
0 1 9 19 22 26 28 
0 1 9 19 25 30 32 
0 1 9 20 21 24 26 
0 1 9 20 25 27 30 
0 1 9 21 23 26 27 
0 1 9 22 23 25 27 
0 1 10 11 14 16 26 
0 1 10 11 14 26 28 
0 1 10 11 16 18 30 
0 1 10 11 18 28 30 
0 1 10 12 14 17 18 
0 1 10 12 15 16 23 
0 1 10 12 15 23 27 
0 1 10 12 16 17 20 
0 1 10 12 16 26 29 
0 1 10 12 26 28 30 
0 1 10 13 14 16 21 
0 1 10 13 15 17 21 
0 1 10 13 15 17 23 
0 1 10 13 15 19 26 
0 1 10 13 15 23 27 
0 1 10 13 18 20 24 
0 1 10 13 18 27 29 
0 1 10 13 24 26 28 
0 1 10 13 26 28 32 
0 1 10 14 16 17 22 
0 1 10 14 16 18 21 
0 1 10 14 16 21 24 
0 1 10 14 17 26 28 
0 1 10 14 22 25 27 
0 1 10 14 23 26 28 
0 1 10 14 25 26 28 
0 1 10 14 25 26 31 
0 1 10 14 26 29 32 
0 1 10 14 26 31 32 
0 1 10 15 17 18 21 
0 1 10 15 23 27 31 
0 1 10 16 18 23 30 
0 1 10 16 20 26 31 
0 1 10 16 23 29 31 
0 1 10 17 20 28 32 
0 1 10 18 21 27 29 
0 1 10 18 21 28 32 
0 1 10 18 24 29 31 
0 1 10 18 25 29 31 
0 1 10 18 27 29 30 
0 1 10 18 27 29 31 
0 1 10 18 27 30 32 
0 1 10 18 27 31 32 
0 1 10 19 27 31 32 
0 1 10 20 22 25 26 
0 1 10 20 25 27 31 
0 1 10 20 27 28 31 
0 1 10 21 24 26 28 
0 1 10 21 26 28 29 
0 1 11 12 15 18 20 
0 1 11 12 25 27 30 
0 1 11 13 16 19 20 
0 1 11 13 16 20 26 
0 1 11 13 16 20 28 
0 1 11 13 17 20 28 
0 1 11 13 17 26 31 
0 1 11 13 18 19 22 
0 1 11 13 19 22 29 
0 1 11 13 20 26 29 
0 1 11 13 20 28 30 
0 1 11 13 21 25 28 
0 1 11 13 21 28 30 
0 1 11 13 25 28 32 
0 1 11 14 16 20 26 
0 1 11 14 24 26 28 
0 1 11 14 25 28 32 
0 1 11 15 24 27 32 
0 1 11 15 25 27 28 
0 1 11 15 25 28 32 
0 1 11 16 18 24 30 
0 1 11 17 19 21 24 
0 1 11 17 20 22 26 
0 1 11 17 21 26 31 
0 1 11 17 22 26 31 
0 1 11 17 25 30 32 
0 1 11 17 26 29 31 
0 1 11 18 19 22 24 
0 1 11 18 20 28 30 
0 1 11 18 24 29 32 
0 1 11 18 25 30 31 
0 1 11 19 21 24 28 
0 1 11 19 21 25 28 
0 1 11 19 21 28 30 
0 1 11 19 22 27 31 
0 1 11 19 24 27 31 
0 1 11 19 24 28 31 
0 1 11 19 25 28 32 
0 1 11 19 27 28 31 
0 1 11 21 25 26 28 
0 1 11 21 26 28 30 
0 1 11 21 27 29 30 
0 1 11 21 28 29 30 
0 1 12 14 18 23 26 
0 1 12 14 18 25 28 
0 1 12 14 22 27 31 
0 1 12 14 23 26 29 
0 1 12 15 16 21 23 
0 1 12 15 17 19 25 
0 1 12 15 19 21 29 
0 1 12 15 23 27 32 
0 1 12 15 24 26 28 
0 1 12 15 25 27 29 
0 1 12 15 25 28 32 
0 1 12 16 18 21 26 
0 1 12 16 25 26 28 
0 1 12 16 25 26 31 
0 1 12 17 18 20 24 
0 1 12 17 20 27 29 
0 1 12 17 24 26 30 
0 1 12 17 25 27 31 
0 1 12 18 19 21 29 
0 1 12 18 20 22 25 
0 1 12 18 20 23 27 
0 1 12 18 20 25 30 
0 1 12 18 22 26 31 
0 1 12 18 23 27 31 
0 1 12 18 25 28 32 
0 1 12 19 20 28 30 
0 1 12 19 23 25 28 
0 1 12 19 25 29 31 
0 1 12 19 25 29 32 
0 1 12 20 21 28 30 
0 1 12 20 23 27 29 
0 1 12 20 24 27 29 
0 1 12 20 27 29 30 
0 1 12 21 27 29 31 
0 1 13 15 18 23 27 
0 1 13 15 20 23 29 
0 1 13 16 17 19 24 
0 1 13 16 18 20 24 
0 1 13 16 24 27 29 
0 1 13 17 19 21 24 
0 1 13 17 19 22 27 
0 1 13 17 19 24 27 
0 1 13 17 23 26 31 
0 1 13 17 24 27 32 
0 1 13 17 25 27 28 
0 1 13 18 20 21 24 
0 1 13 18 21 23 27 
0 1 13 18 23 27 31 
0 1 13 19 20 28 30 
0 1 13 19 21 22 29 
0 1 13 19 22 27 29 
0 1 13 19 23 25 30 
0 1 13 19 24 26 29 
0 1 13 19 24 26 30 
0 1 13 19 24 27 29 
0 1 13 20 22 28 30 
0 1 13 20 23 29 31 
0 1 13 20 24 28 30 
0 1 13 20 25 30 31 
0 1 14 15 18 21 23 
0 1 14 15 25 27 30 
0 1 14 16 17 22 26 
0 1 14 16 17 24 28 
0 1 14 16 18 25 28 
0 1 14 16 19 22 23 
0 1 14 16 20 23 28 
0 1 14 16 21 25 31 
0 1 14 16 22 26 31 
0 1 14 16 23 26 29 
0 1 14 16 24 27 28 
0 1 14 17 18 22 24 
0 1 14 17 18 26 28 
0 1 14 17 19 23 26 
0 1 14 17 21 23 29 
0 1 14 17 22 26 32 
0 1 14 17 25 27 29 
0 1 14 18 20 23 26 
0 1 14 18 20 25 30 
0 1 14 18 21 23 29 
0 1 14 18 22 24 27 
0 1 14 18 23 24 26 
0 1 14 18 23 26 28 
0 1 14 18 23 26 32 
0 1 14 18 24 26 29 
0 1 14 18 25 26 28 
0 1 14 18 25 28 30 
0 1 14 19 21 25 31 
0 1 14 19 23 27 31 
0 1 14 19 24 26 30 
0 1 14 20 21 29 31 
0 1 14 20 22 29 30 
0 1 14 20 25 30 32 
0 1 14 21 23 29 30 
0 1 14 21 23 29 31 
0 1 14 21 25 29 31 
0 1 14 22 23 29 31 
0 1 14 22 24 29 30 
0 1 14 22 26 31 32 
0 1 14 22 27 31 32 
0 1 14 23 26 29 31 
0 1 15 16 19 26 28 
0 1 15 16 20 22 25 
0 1 15 16 21 23 30 
0 1 15 16 24 27 29 
0 1 15 17 21 22 25 
0 1 15 17 21 23 26 
0 1 15 17 21 24 26 
0 1 15 17 21 25 28 
0 1 15 17 21 26 31 
0 1 15 17 22 24 30 
0 1 15 18 20 23 27 
0 1 15 18 21 23 25 
0 1 15 18 21 23 27 
0 1 15 18 21 23 30 
0 1 15 18 23 27 31 
0 1 15 20 23 27 32 
0 1 15 20 25 27 31 
0 1 15 21 22 26 31 
0 1 15 21 22 29 31 
0 1 15 21 24 28 32 
0 1 15 21 25 26 31 
0 1 15 21 25 28 32 
0 1 15 21 25 29 32 
0 1 15 21 25 30 32 
0 1 15 21 26 30 31 
0 1 15 22 25 28 32 
0 1 16 17 20 22 24 
0 1 16 17 20 22 26 
0 1 16 17 20 26 28 
0 1 16 17 22 24 30 
0 1 16 17 24 28 30 
0 1 16 17 26 28 30 
0 1 16 19 21 23 25 
0 1 16 19 22 24 29 
0 1 16 19 27 28 29 
0 1 16 20 21 23 29 
0 1 16 20 22 23 25 
0 1 16 20 22 24 27 
0 1 16 20 22 25 26 
0 1 16 20 22 25 32 
0 1 16 20 22 26 29 
0 1 16 20 22 26 31 
0 1 16 20 22 29 30 
0 1 16 20 23 25 28 
0 1 16 20 23 28 32 
0 1 16 20 24 27 32 
0 1 16 20 24 28 31 
0 1 16 21 22 23 30 
0 1 16 21 23 24 30 
0 1 16 21 23 29 30 
0 1 16 21 26 30 32 
0 1 16 22 24 29 30 
0 1 17 19 21 23 26 
0 1 17 19 22 24 30 
0 1 17 19 22 26 32 
0 1 17 20 22 26 32 
0 1 17 20 24 28 32 
0 1 17 21 26 31 32 
0 1 18 19 20 25 30 
0 1 18 19 21 23 25 
0 1 18 19 21 23 27 
0 1 18 19 21 25 29 
0 1 18 19 21 27 29 
0 1 18 19 21 28 29 
0 1 18 19 22 27 32 
0 1 18 19 23 24 31 
0 1 18 19 23 25 31 
0 1 18 19 23 27 31 
0 1 18 19 25 29 31 
0 1 18 19 27 29 31 
0 1 18 20 21 25 31 
0 1 18 20 21 28 29 
0 1 18 20 22 24 25 
0 1 18 20 22 25 28 
0 1 18 20 22 27 30 
0 1 18 20 25 30 31 
0 1 18 20 26 29 30 
0 1 18 21 24 28 32 
0 1 18 21 25 28 32 
0 1 18 22 26 31 32 
