0 1 2 4 13 18 33 
0 1 2 5 15 21 32 
0 1 2 8 23 28 37 
0 1 2 9 20 26 36 
0 1 3 8 12 16 22 
0 1 3 11 17 30 35 
0 1 3 12 17 32 38 
0 1 3 16 23 30 34 
0 1 4 6 13 21 29 
0 1 4 14 20 31 38 
0 1 4 18 24 29 31 
0 1 5 7 14 17 25 
0 1 5 8 17 19 34 
0 1 5 10 23 29 37 
0 1 6 10 17 24 37 
0 1 6 21 23 32 35 
0 1 7 9 12 25 29 
0 1 7 22 27 36 38 
0 1 8 19 25 35 38 
0 1 9 11 16 22 36 
0 1 10 13 15 17 21 
0 1 10 13 18 20 24 
0 1 11 15 28 31 33 
0 1 11 19 27 34 36 
0 1 15 23 26 33 35 
0 1 16 20 22 27 30 
0 1 18 24 28 32 37 
0 1 19 23 25 27 30 
