0 1 2 3 6 18 25 38 
0 1 2 3 9 13 27 32 
0 1 2 3 9 27 32 36 
0 1 2 3 11 24 31 43 
0 1 2 3 13 17 22 40 
0 1 2 3 17 22 36 40 
0 1 2 4 5 12 18 27 
0 1 2 4 12 27 28 41 
0 1 2 4 17 27 35 41 
0 1 2 4 18 27 35 40 
0 1 2 5 6 13 23 32 
0 1 2 5 10 17 23 37 
0 1 2 5 11 19 27 34 
0 1 2 5 13 16 23 42 
0 1 2 5 16 22 29 39 
0 1 2 5 17 24 37 45 
0 1 2 5 18 25 37 40 
0 1 2 6 9 20 25 35 
0 1 2 6 11 14 22 29 
0 1 2 6 14 27 30 37 
0 1 2 6 15 18 25 26 
0 1 2 6 16 27 30 39 
0 1 2 6 16 28 31 39 
0 1 2 6 22 29 34 37 
0 1 2 6 25 32 35 43 
0 1 2 7 11 14 22 30 
0 1 2 7 11 24 27 39 
0 1 2 7 12 15 24 28 
0 1 2 7 13 21 31 44 
0 1 2 7 20 21 36 44 
0 1 2 7 22 30 34 37 
0 1 2 8 11 23 30 43 
0 1 2 8 12 26 31 45 
0 1 2 8 13 21 30 44 
0 1 2 8 26 31 35 45 
0 1 2 9 17 20 32 42 
0 1 2 9 18 21 32 42 
0 1 2 9 19 26 32 43 
0 1 2 9 21 24 37 41 
0 1 2 10 14 17 20 25 
0 1 2 10 14 17 23 28 
0 1 2 10 23 30 42 45 
0 1 2 11 13 17 20 25 
0 1 2 11 14 18 26 41 
0 1 2 11 14 19 26 42 
0 1 2 11 15 18 21 23 
0 1 2 11 18 21 34 42 
0 1 2 11 25 31 38 43 
0 1 2 12 16 19 20 25 
0 1 2 12 16 21 39 45 
0 1 2 13 23 28 39 42 
0 1 2 14 21 29 37 43 
0 1 2 16 21 35 39 45 
0 1 2 16 25 35 42 43 
0 1 2 18 26 34 37 41 
0 1 2 19 26 34 37 42 
0 1 2 20 24 33 36 41 
0 1 2 20 25 31 34 38 
0 1 2 21 30 36 43 44 
0 1 2 22 23 30 33 42 
0 1 2 23 28 29 32 36 
0 1 2 23 28 31 34 38 
0 1 2 23 28 31 35 37 
0 1 2 25 27 30 33 37 
0 1 3 4 5 24 33 39 
0 1 3 4 9 14 19 26 
0 1 3 4 11 17 26 45 
0 1 3 4 24 31 36 41 
0 1 3 5 10 26 32 38 
0 1 3 5 11 16 23 32 
0 1 3 5 12 27 28 41 
0 1 3 5 14 20 23 39 
0 1 3 5 14 24 31 43 
0 1 3 5 15 21 22 38 
0 1 3 5 18 26 30 40 
0 1 3 6 9 26 33 37 
0 1 3 6 10 14 22 29 
0 1 3 6 10 22 23 38 
0 1 3 6 13 19 23 38 
0 1 3 6 13 24 32 43 
0 1 3 6 17 21 39 40 
0 1 3 6 22 29 33 37 
0 1 3 6 24 32 36 43 
0 1 3 7 8 18 21 30 
0 1 3 7 10 22 30 35 
0 1 3 7 12 22 30 33 
0 1 3 7 16 21 26 38 
0 1 3 7 17 26 28 41 
0 1 3 7 24 33 34 42 
0 1 3 8 11 12 25 31 
0 1 3 8 13 17 23 28 
0 1 3 8 13 19 23 40 
0 1 3 8 14 20 24 29 
0 1 3 8 14 26 30 39 
0 1 3 8 15 28 32 38 
0 1 3 8 16 22 26 37 
0 1 3 8 17 23 36 42 
0 1 3 8 17 24 28 34 
0 1 3 8 24 29 34 43 
0 1 3 8 25 31 34 35 
0 1 3 9 10 13 24 29 
0 1 3 9 12 16 26 31 
0 1 3 9 15 26 37 42 
0 1 3 9 16 26 31 35 
0 1 3 9 19 20 34 42 
0 1 3 9 24 29 33 36 
0 1 3 10 11 24 30 42 
0 1 3 10 12 16 24 29 
0 1 3 10 14 26 32 41 
0 1 3 10 15 26 34 43 
0 1 3 10 18 22 27 33 
0 1 3 10 21 24 37 41 
0 1 3 10 22 29 33 41 
0 1 3 11 14 17 23 42 
0 1 3 11 14 20 26 42 
0 1 3 11 15 20 26 33 
0 1 3 11 15 24 41 42 
0 1 3 11 26 27 40 45 
0 1 3 12 14 18 23 39 
0 1 3 12 15 20 36 43 
0 1 3 12 16 19 26 41 
0 1 3 12 18 26 39 42 
0 1 3 12 24 29 33 39 
0 1 3 13 17 18 38 40 
0 1 3 13 19 27 38 42 
0 1 3 13 20 35 38 43 
0 1 3 14 22 31 37 42 
0 1 3 15 19 27 36 42 
0 1 3 15 20 36 38 42 
0 1 3 15 21 26 30 39 
0 1 3 16 20 26 33 38 
0 1 3 16 23 28 32 38 
0 1 3 16 23 30 37 41 
0 1 3 16 26 34 40 45 
0 1 3 17 25 29 30 40 
0 1 3 17 26 34 39 45 
0 1 3 17 27 28 32 40 
0 1 3 17 27 35 40 42 
0 1 3 19 26 32 37 41 
0 1 3 20 24 31 32 37 
0 1 3 23 28 32 34 39 
0 1 3 24 27 31 36 41 
0 1 4 5 6 20 29 39 
0 1 4 5 10 23 25 39 
0 1 4 5 12 22 31 45 
0 1 4 5 12 26 28 41 
0 1 4 5 13 15 21 28 
0 1 4 5 23 30 36 38 
0 1 4 6 9 16 27 33 
0 1 4 6 11 23 32 39 
0 1 4 6 12 19 27 36 
0 1 4 6 12 23 30 37 
0 1 4 6 13 14 24 31 
0 1 4 6 13 17 27 35 
0 1 4 6 13 20 23 31 
0 1 4 6 13 21 28 36 
0 1 4 6 14 21 23 34 
0 1 4 6 16 21 25 39 
0 1 4 6 18 29 30 37 
0 1 4 6 20 29 35 42 
0 1 4 7 9 18 24 34 
0 1 4 7 9 19 30 33 
0 1 4 7 22 27 37 39 
0 1 4 8 10 15 33 34 
0 1 4 8 11 13 25 31 
0 1 4 8 18 19 20 41 
0 1 4 8 25 31 34 36 
0 1 4 9 11 12 27 33 
0 1 4 9 11 16 23 29 
0 1 4 9 11 18 24 30 
0 1 4 9 12 27 34 44 
0 1 4 9 15 17 22 27 
0 1 4 9 15 20 22 32 
0 1 4 9 16 22 36 45 
0 1 4 9 17 26 28 40 
0 1 4 9 17 29 31 40 
0 1 4 9 19 21 25 32 
0 1 4 10 11 31 33 38 
0 1 4 10 12 17 35 36 
0 1 4 10 15 17 23 35 
0 1 4 10 15 17 37 38 
0 1 4 10 16 18 21 23 
0 1 4 10 18 26 33 45 
0 1 4 10 20 28 33 35 
0 1 4 10 27 32 34 35 
0 1 4 11 13 24 32 41 
0 1 4 11 15 23 41 44 
0 1 4 11 16 18 24 37 
0 1 4 11 17 19 24 38 
0 1 4 11 19 24 38 40 
0 1 4 11 27 32 35 44 
0 1 4 12 15 22 41 45 
0 1 4 12 17 18 25 27 
0 1 4 12 17 19 23 37 
0 1 4 12 17 19 26 40 
0 1 4 12 25 27 40 41 
0 1 4 12 27 29 36 42 
0 1 4 13 15 20 23 29 
0 1 4 13 15 24 40 42 
0 1 4 13 16 18 39 40 
0 1 4 13 18 23 39 44 
0 1 4 13 21 32 37 44 
0 1 4 13 24 32 34 41 
0 1 4 13 27 29 35 40 
0 1 4 14 20 35 37 42 
0 1 4 14 21 23 29 34 
0 1 4 15 17 24 36 42 
0 1 4 15 20 37 38 40 
0 1 4 15 21 28 38 45 
0 1 4 15 23 34 41 44 
0 1 4 16 23 33 42 44 
0 1 4 16 23 36 44 45 
0 1 4 17 23 35 37 42 
0 1 4 17 24 36 39 45 
0 1 4 17 25 27 32 38 
0 1 4 18 19 31 39 41 
0 1 4 18 20 28 35 41 
0 1 4 18 24 34 37 39 
0 1 4 21 23 33 38 39 
0 1 4 23 29 30 35 37 
0 1 4 24 29 31 36 37 
0 1 5 6 8 16 20 29 
0 1 5 6 23 32 36 44 
0 1 5 7 8 24 33 36 
0 1 5 7 9 22 32 35 
0 1 5 7 10 13 24 31 
0 1 5 7 10 18 30 32 
0 1 5 7 12 20 23 37 
0 1 5 7 12 20 30 44 
0 1 5 7 14 26 29 37 
0 1 5 7 15 18 27 30 
0 1 5 7 16 21 24 34 
0 1 5 7 16 26 29 39 
0 1 5 7 17 20 28 42 
0 1 5 7 17 28 31 38 
0 1 5 7 23 32 34 43 
0 1 5 7 24 25 35 38 
0 1 5 8 11 22 24 42 
0 1 5 8 11 23 25 38 
0 1 5 8 14 19 29 31 
0 1 5 8 14 23 25 35 
0 1 5 8 15 17 22 28 
0 1 5 8 19 24 34 45 
0 1 5 8 20 24 26 37 
0 1 5 8 21 29 35 44 
0 1 5 8 22 28 35 37 
0 1 5 8 25 28 38 40 
0 1 5 9 11 18 32 35 
0 1 5 9 11 27 32 44 
0 1 5 9 12 14 31 37 
0 1 5 9 20 28 34 44 
0 1 5 10 12 18 32 35 
0 1 5 10 12 24 30 43 
0 1 5 10 12 27 33 43 
0 1 5 10 13 21 28 45 
0 1 5 10 16 25 33 44 
0 1 5 10 21 32 38 44 
0 1 5 10 25 28 39 41 
0 1 5 11 14 21 23 38 
0 1 5 11 18 20 35 43 
0 1 5 11 19 22 24 31 
0 1 5 11 20 28 32 44 
0 1 5 11 23 30 32 43 
0 1 5 11 24 30 39 44 
0 1 5 12 14 20 23 30 
0 1 5 12 14 22 28 31 
0 1 5 12 15 21 23 34 
0 1 5 12 18 27 41 43 
0 1 5 13 14 23 40 44 
0 1 5 13 19 20 22 36 
0 1 5 13 26 29 36 45 
0 1 5 13 27 28 38 44 
0 1 5 13 27 29 30 36 
0 1 5 14 16 33 36 39 
0 1 5 14 17 24 25 45 
0 1 5 15 17 18 24 26 
0 1 5 15 18 34 38 40 
0 1 5 15 26 29 38 45 
0 1 5 15 27 30 38 45 
0 1 5 16 23 26 32 34 
0 1 5 17 23 36 37 44 
0 1 5 18 26 28 31 40 
0 1 5 19 27 30 40 42 
0 1 5 20 23 26 37 39 
0 1 5 21 27 33 36 44 
0 1 5 21 28 33 36 45 
0 1 5 23 25 36 39 42 
0 1 5 24 30 33 36 44 
0 1 5 24 31 34 42 45 
0 1 6 7 10 18 31 33 
0 1 6 7 20 22 35 43 
0 1 6 8 10 21 24 35 
0 1 6 8 13 33 36 37 
0 1 6 8 15 18 22 41 
0 1 6 8 16 28 29 43 
0 1 6 8 17 18 21 40 
0 1 6 8 19 22 37 42 
0 1 6 8 20 23 27 36 
0 1 6 9 11 23 27 40 
0 1 6 9 11 31 34 38 
0 1 6 9 13 19 30 32 
0 1 6 9 19 21 23 30 
0 1 6 10 13 21 29 45 
0 1 6 10 15 21 28 44 
0 1 6 10 17 24 31 44 
0 1 6 10 23 26 37 44 
0 1 6 10 23 26 38 45 
0 1 6 10 27 29 32 40 
0 1 6 11 14 23 27 45 
0 1 6 11 16 20 23 44 
0 1 6 11 16 23 43 44 
0 1 6 12 15 19 36 38 
0 1 6 12 19 27 29 43 
0 1 6 12 20 30 43 45 
0 1 6 13 15 19 36 39 
0 1 6 13 15 23 34 43 
0 1 6 14 17 18 37 39 
0 1 6 14 18 25 37 44 
0 1 6 15 16 18 35 39 
0 1 6 15 17 19 24 27 
0 1 6 15 21 33 37 44 
0 1 6 15 23 34 36 43 
0 1 6 16 18 35 38 39 
0 1 6 19 20 35 42 44 
0 1 6 19 20 35 43 45 
0 1 6 19 21 30 40 44 
0 1 6 19 21 35 42 43 
0 1 6 19 23 26 36 38 
0 1 6 21 28 31 35 44 
0 1 6 21 29 33 36 45 
0 1 6 23 27 34 37 39 
0 1 6 25 29 32 39 41 
0 1 6 27 28 29 39 43 
0 1 7 8 10 13 24 28 
0 1 7 8 11 20 23 25 
0 1 7 8 26 30 41 44 
0 1 7 8 29 31 34 43 
0 1 7 9 10 27 32 43 
0 1 7 9 12 22 26 30 
0 1 7 9 12 22 35 39 
0 1 7 9 12 25 32 36 
0 1 7 9 13 29 32 42 
0 1 7 9 19 22 39 42 
0 1 7 9 23 28 36 43 
0 1 7 9 29 30 34 44 
0 1 7 10 11 19 24 26 
0 1 7 10 15 19 30 32 
0 1 7 10 22 29 42 45 
0 1 7 11 16 19 21 24 
0 1 7 11 22 34 37 39 
0 1 7 11 25 30 44 45 
0 1 7 11 29 32 34 37 
0 1 7 12 16 24 26 29 
0 1 7 12 18 20 34 43 
0 1 7 12 20 29 43 45 
0 1 7 14 16 18 23 26 
0 1 7 15 18 20 24 36 
0 1 7 15 18 20 37 41 
0 1 7 15 19 20 30 44 
0 1 7 16 18 30 38 43 
0 1 7 16 19 21 29 42 
0 1 7 17 18 22 30 44 
0 1 7 17 19 21 22 30 
0 1 7 17 21 29 42 44 
0 1 7 18 20 23 28 32 
0 1 7 19 21 30 38 43 
0 1 7 20 24 32 35 37 
0 1 7 20 24 36 38 41 
0 1 7 21 28 30 35 43 
0 1 7 22 26 30 32 35 
0 1 7 24 28 31 33 36 
0 1 7 24 28 34 39 44 
0 1 7 25 30 34 44 45 
0 1 7 26 29 30 39 41 
0 1 8 9 12 29 31 41 
0 1 8 9 14 24 26 43 
0 1 8 10 11 15 27 33 
0 1 8 10 13 14 29 36 
0 1 8 10 13 20 24 41 
0 1 8 10 13 23 29 43 
0 1 8 10 13 25 36 40 
0 1 8 10 14 19 31 34 
0 1 8 10 20 25 40 43 
0 1 8 10 21 24 27 42 
0 1 8 10 29 30 33 41 
0 1 8 11 13 17 31 32 
0 1 8 11 13 22 24 28 
0 1 8 11 14 31 33 42 
0 1 8 11 20 24 25 26 
0 1 8 11 28 32 34 41 
0 1 8 11 29 32 34 38 
0 1 8 12 18 21 23 37 
0 1 8 12 25 35 38 40 
0 1 8 12 29 31 32 41 
0 1 8 13 15 19 24 44 
0 1 8 14 18 23 35 44 
0 1 8 14 23 42 43 44 
0 1 8 15 19 21 24 36 
0 1 8 15 24 36 41 43 
0 1 8 16 19 31 41 45 
0 1 8 17 18 21 23 35 
0 1 8 17 20 31 41 45 
0 1 8 17 21 26 32 44 
0 1 8 17 21 33 39 44 
0 1 8 18 20 22 25 31 
0 1 8 18 21 31 40 42 
0 1 8 18 25 31 42 45 
0 1 8 18 27 41 42 43 
0 1 8 20 23 36 40 45 
0 1 8 22 24 37 42 43 
0 1 8 22 26 31 41 43 
0 1 8 24 27 33 42 44 
0 1 8 24 29 33 35 44 
0 1 9 10 13 19 24 26 
0 1 9 10 30 32 37 43 
0 1 9 11 17 24 42 43 
0 1 9 11 21 24 28 41 
0 1 9 11 28 32 35 41 
0 1 9 12 22 23 40 42 
0 1 9 12 25 30 32 36 
0 1 9 13 14 16 20 37 
0 1 9 13 15 18 36 39 
0 1 9 13 16 18 22 36 
0 1 9 13 16 19 24 45 
0 1 9 13 16 22 27 45 
0 1 9 13 16 36 38 41 
0 1 9 14 16 36 37 43 
0 1 9 14 21 27 31 44 
0 1 9 14 28 31 35 37 
0 1 9 15 19 24 31 44 
0 1 9 15 19 32 39 44 
0 1 9 15 20 22 30 43 
0 1 9 15 21 37 42 44 
0 1 9 16 19 30 40 42 
0 1 9 21 26 31 40 44 
0 1 9 22 24 36 39 42 
0 1 9 22 28 30 32 35 
0 1 9 22 29 41 44 45 
0 1 9 23 28 30 36 43 
0 1 9 24 25 37 41 44 
0 1 9 24 26 33 36 42 
0 1 9 24 28 34 41 44 
0 1 9 25 26 32 42 44 
0 1 10 11 14 34 39 41 
0 1 10 11 16 18 23 43 
0 1 10 12 15 23 27 40 
0 1 10 12 16 19 24 45 
0 1 10 12 16 19 33 38 
0 1 10 12 17 18 24 43 
0 1 10 12 19 25 39 42 
0 1 10 13 15 18 36 40 
0 1 10 13 17 25 40 45 
0 1 10 13 18 20 24 31 
0 1 10 13 18 25 41 45 
0 1 10 14 17 19 25 37 
0 1 10 14 17 20 22 45 
0 1 10 14 18 25 41 44 
0 1 10 14 21 23 26 29 
0 1 10 14 21 38 41 44 
0 1 10 15 16 23 27 44 
0 1 10 16 33 35 38 42 
0 1 10 17 18 29 41 43 
0 1 10 17 20 33 41 45 
0 1 10 17 24 35 41 43 
0 1 10 18 21 33 40 42 
0 1 10 21 23 27 39 42 
0 1 10 21 25 31 39 44 
0 1 10 22 28 30 33 37 
0 1 10 23 29 31 36 43 
0 1 10 24 26 29 35 39 
0 1 10 24 27 35 40 42 
0 1 10 24 28 30 35 43 
0 1 10 24 30 37 42 45 
0 1 10 27 31 33 34 38 
0 1 11 12 15 21 23 28 
0 1 11 12 30 35 37 43 
0 1 11 13 16 22 39 43 
0 1 11 14 16 19 23 40 
0 1 11 14 17 19 23 26 
0 1 11 14 18 23 38 44 
0 1 11 14 22 23 27 29 
0 1 11 14 23 39 40 42 
0 1 11 15 17 22 35 38 
0 1 11 15 18 19 24 45 
0 1 11 15 20 38 44 45 
0 1 11 15 22 35 38 40 
0 1 11 16 19 23 25 36 
0 1 11 16 21 24 28 30 
0 1 11 17 18 20 34 42 
0 1 11 17 19 20 24 32 
0 1 11 18 20 24 27 32 
0 1 11 18 33 34 37 39 
0 1 11 19 25 27 30 34 
0 1 11 19 26 34 41 43 
0 1 11 20 24 27 39 41 
0 1 11 20 28 35 41 43 
0 1 11 22 24 28 31 36 
0 1 11 23 26 28 32 39 
0 1 11 23 27 29 32 40 
0 1 11 25 27 28 34 42 
0 1 11 25 29 31 34 38 
0 1 12 13 15 20 37 43 
0 1 12 13 16 22 39 44 
0 1 12 14 18 21 23 31 
0 1 12 14 19 27 37 43 
0 1 12 15 17 19 25 38 
0 1 12 15 17 21 25 40 
0 1 12 15 25 38 40 42 
0 1 12 15 29 35 37 42 
0 1 12 15 29 36 38 42 
0 1 12 16 21 31 38 44 
0 1 12 17 25 37 40 44 
0 1 12 20 30 34 41 43 
0 1 12 22 24 33 39 42 
0 1 12 22 27 38 41 45 
0 1 12 23 26 37 39 41 
0 1 12 24 26 29 30 39 
0 1 12 24 30 32 37 43 
0 1 13 14 17 21 23 28 
0 1 13 14 32 37 39 43 
0 1 13 15 21 24 31 42 
0 1 13 16 18 21 23 27 
0 1 13 16 19 21 23 30 
0 1 13 16 28 33 37 39 
0 1 13 17 20 22 23 31 
0 1 13 17 20 22 28 36 
0 1 13 18 24 26 33 43 
0 1 13 19 23 30 39 44 
0 1 13 20 28 36 42 45 
0 1 13 21 23 28 29 32 
0 1 13 22 24 26 29 32 
0 1 13 23 26 31 40 42 
0 1 13 23 29 38 40 43 
0 1 13 24 26 32 35 42 
0 1 13 24 26 33 41 43 
0 1 14 16 29 37 40 41 
0 1 14 17 25 35 40 44 
0 1 14 17 28 38 40 43 
0 1 14 19 20 21 23 31 
0 1 14 19 20 22 24 31 
0 1 14 20 25 29 37 44 
0 1 14 20 31 38 41 43 
0 1 14 20 32 36 37 39 
0 1 14 20 35 36 38 43 
0 1 14 21 27 32 36 44 
0 1 15 16 23 26 28 32 
0 1 15 16 30 34 36 39 
0 1 15 17 28 32 37 40 
0 1 15 17 28 34 38 41 
0 1 15 17 29 37 40 42 
0 1 15 18 19 24 26 34 
0 1 15 18 21 23 25 34 
0 1 15 19 21 24 31 32 
0 1 15 19 24 27 29 40 
0 1 15 20 23 27 29 36 
0 1 15 20 34 38 44 45 
0 1 15 22 26 28 38 43 
0 1 15 23 27 28 30 36 
0 1 15 24 31 36 42 44 
0 1 15 24 34 41 42 45 
0 1 15 25 27 32 38 43 
0 1 16 18 28 33 39 42 
0 1 16 19 25 33 35 42 
0 1 16 21 31 35 38 44 
0 1 16 22 25 27 29 39 
0 1 16 22 34 36 39 43 
0 1 16 22 35 36 39 44 
0 1 16 23 25 27 28 33 
0 1 16 23 25 28 36 42 
0 1 16 23 27 29 34 37 
0 1 16 23 33 34 41 43 
0 1 16 23 34 37 40 42 
0 1 16 24 25 27 30 34 
0 1 16 24 26 27 28 33 
0 1 16 24 26 29 33 35 
0 1 16 24 27 34 41 43 
0 1 17 19 23 26 31 36 
0 1 17 20 29 32 40 42 
0 1 17 21 25 35 38 40 
0 1 17 23 29 36 38 43 
0 1 17 24 26 28 31 34 
0 1 17 24 26 28 38 41 
0 1 17 24 27 33 35 42 
0 1 17 25 26 28 30 40 
0 1 17 25 33 36 40 45 
0 1 17 26 29 39 40 44 
0 1 18 20 24 25 33 36 
0 1 18 21 23 31 35 40 
0 1 18 21 24 26 33 37 
0 1 18 23 27 33 39 44 
0 1 18 23 31 35 37 44 
0 1 18 23 34 37 38 44 
0 1 18 24 27 32 34 43 
0 1 18 24 31 36 38 43 
0 1 18 25 33 36 41 45 
0 1 18 25 33 37 41 44 
0 1 18 27 31 39 41 42 
0 1 19 23 25 34 36 39 
0 1 19 23 32 35 40 45 
0 1 19 23 34 37 39 40 
0 1 19 24 26 30 33 34 
0 1 19 24 26 32 35 36 
0 1 19 24 30 33 37 45 
0 1 19 24 30 34 39 44 
0 1 19 25 30 32 39 42 
0 1 19 26 32 34 42 43 
0 1 20 22 29 30 35 43 
0 1 20 23 28 30 32 41 
0 1 20 24 26 29 31 34 
0 1 20 25 30 32 38 43 
0 1 20 29 35 42 43 45 
0 1 21 22 23 27 36 39 
0 1 21 22 29 32 41 45 
0 1 21 23 28 34 37 38 
0 1 21 23 28 36 37 40 
0 1 21 23 29 30 32 42 
0 1 21 24 28 30 33 36 
0 1 21 24 29 31 33 40 
0 1 21 28 33 38 43 44 
0 1 22 24 27 36 39 40 
0 1 22 27 28 31 35 45 
0 1 22 27 30 33 37 45 
0 1 22 27 30 34 36 45 
0 1 23 26 28 31 36 40 
0 1 24 26 29 31 37 43 
0 1 24 26 29 32 36 45 
