0 1 2 5 9 15 
0 1 2 5 12 18 
0 1 2 6 10 13 
0 1 2 6 16 19 
0 1 2 9 12 22 
0 1 2 10 16 23 
0 1 2 13 19 23 
0 1 2 15 18 22 
0 1 3 4 9 16 
0 1 3 4 14 21 
0 1 3 5 13 20 
0 1 3 5 14 21 
0 1 3 6 10 14 
0 1 3 6 15 19 
0 1 3 7 13 18 
0 1 3 7 16 21 
0 1 3 8 10 14 
0 1 3 8 14 18 
0 1 3 8 16 20 
0 1 3 9 10 14 
0 1 3 9 12 22 
0 1 3 10 14 21 
0 1 3 10 15 23 
0 1 3 14 17 21 
0 1 3 14 19 23 
0 1 4 5 11 13 
0 1 4 5 18 20 
0 1 4 6 14 21 
0 1 4 8 13 24 
0 1 4 8 14 25 
0 1 4 10 12 17 
0 1 4 11 13 21 
0 1 4 11 17 25 
0 1 4 12 14 21 
0 1 4 12 17 24 
0 1 4 14 19 21 
0 1 5 7 13 16 
0 1 5 7 15 18 
0 1 5 7 18 21 
0 1 5 8 14 16 
0 1 5 8 18 20 
0 1 5 9 12 25 
0 1 5 15 18 20 
0 1 5 15 18 24 
0 1 5 15 18 25 
0 1 5 17 18 20 
0 1 6 8 13 23 
0 1 6 9 11 13 
0 1 6 9 20 22 
0 1 6 10 13 24 
0 1 6 11 20 24 
0 1 6 13 15 23 
0 1 6 13 17 24 
0 1 6 13 21 23 
0 1 6 13 22 24 
0 1 6 13 23 24 
0 1 6 14 16 23 
0 1 7 9 10 22 
0 1 7 9 11 14 
0 1 7 9 12 22 
0 1 7 9 19 22 
0 1 7 9 22 23 
0 1 7 11 19 24 
0 1 7 14 22 24 
0 1 8 11 13 17 
0 1 8 11 21 25 
0 1 8 12 14 17 
0 1 8 12 21 24 
0 1 9 12 20 22 
0 1 9 13 19 24 
0 1 9 14 20 24 
0 1 9 15 22 25 
0 1 10 13 15 19 
0 1 10 14 16 19 
0 1 10 15 17 23 
0 1 11 13 19 22 
0 1 11 14 20 22 
0 1 11 18 23 24 
0 1 12 18 22 25 
0 1 13 16 18 20 
0 1 13 17 18 24 
0 1 13 17 19 24 
0 1 13 17 21 24 
0 1 14 16 18 21 
0 1 14 16 22 23 
0 1 14 17 21 25 
