0 1 2 3 8 12 
0 1 2 3 16 20 
0 1 2 4 9 15 
0 1 2 4 12 20 
0 1 2 5 9 15 
0 1 2 5 11 18 
0 1 2 5 12 18 
0 1 2 5 17 19 
0 1 2 6 9 12 
0 1 2 6 9 15 
0 1 2 6 10 13 
0 1 2 6 15 18 
0 1 2 6 16 19 
0 1 2 7 10 14 
0 1 2 7 11 24 
0 1 2 7 15 23 
0 1 2 8 10 22 
0 1 2 8 11 21 
0 1 2 9 12 21 
0 1 2 9 15 22 
0 1 2 9 16 22 
0 1 2 12 18 21 
0 1 2 12 18 22 
0 1 2 12 18 23 
0 1 2 13 17 20 
0 1 2 14 17 21 
0 1 2 15 18 21 
0 1 2 15 19 24 
0 1 3 5 7 17 
0 1 3 5 9 16 
0 1 3 5 11 12 
0 1 3 5 12 18 
0 1 3 5 12 20 
0 1 3 5 12 22 
0 1 3 5 13 19 
0 1 3 5 18 19 
0 1 3 6 7 15 
0 1 3 6 10 14 
0 1 3 6 13 17 
0 1 3 7 10 15 
0 1 3 7 11 12 
0 1 3 7 11 16 
0 1 3 7 11 20 
0 1 3 7 11 23 
0 1 3 7 12 15 
0 1 3 7 12 17 
0 1 3 7 12 18 
0 1 3 7 15 23 
0 1 3 7 17 20 
0 1 3 8 10 14 
0 1 3 8 10 22 
0 1 3 8 12 18 
0 1 3 8 12 22 
0 1 3 8 13 22 
0 1 3 8 14 24 
0 1 3 8 15 19 
0 1 3 8 16 22 
0 1 3 9 10 14 
0 1 3 9 10 21 
0 1 3 9 11 21 
0 1 3 9 13 20 
0 1 3 9 14 18 
0 1 3 9 15 21 
0 1 3 9 16 20 
0 1 3 10 14 20 
0 1 3 10 17 22 
0 1 3 11 19 23 
0 1 3 11 19 24 
0 1 3 12 18 21 
0 1 3 13 17 20 
0 1 3 14 18 19 
0 1 3 15 17 21 
0 1 3 15 17 22 
0 1 3 15 19 20 
0 1 3 15 19 23 
0 1 4 5 10 12 
0 1 4 5 11 13 
0 1 4 5 17 19 
0 1 4 5 18 20 
0 1 4 6 7 17 
0 1 4 6 10 17 
0 1 4 6 10 18 
0 1 4 6 11 17 
0 1 4 6 12 22 
0 1 4 6 13 14 
0 1 4 6 14 22 
0 1 4 6 15 18 
0 1 4 6 16 18 
0 1 4 6 17 19 
0 1 4 7 9 14 
0 1 4 7 10 12 
0 1 4 8 10 21 
0 1 4 8 14 24 
0 1 4 8 18 20 
0 1 4 9 11 17 
0 1 4 9 11 23 
0 1 4 9 16 23 
0 1 4 10 12 17 
0 1 4 10 15 17 
0 1 4 10 17 24 
0 1 4 10 18 23 
0 1 4 11 17 24 
0 1 4 12 17 19 
0 1 4 12 19 21 
0 1 4 12 20 22 
0 1 4 13 18 23 
0 1 4 14 17 19 
0 1 4 14 18 20 
0 1 4 14 18 23 
0 1 4 14 20 22 
0 1 4 14 21 23 
0 1 4 16 18 20 
0 1 4 16 18 23 
0 1 4 16 18 24 
0 1 5 7 10 18 
0 1 5 7 13 16 
0 1 5 7 14 17 
0 1 5 7 14 22 
0 1 5 8 10 14 
0 1 5 8 11 24 
0 1 5 8 14 16 
0 1 5 8 14 23 
0 1 5 8 14 24 
0 1 5 9 11 12 
0 1 5 9 11 23 
0 1 5 9 12 24 
0 1 5 11 17 23 
0 1 5 14 17 24 
0 1 5 15 17 23 
0 1 5 15 18 24 
0 1 5 16 17 19 
0 1 5 16 17 23 
0 1 5 16 18 19 
0 1 5 16 18 22 
0 1 5 17 19 20 
0 1 6 7 9 21 
0 1 6 7 11 23 
0 1 6 8 10 22 
0 1 6 8 12 15 
0 1 6 8 12 22 
0 1 6 8 18 22 
0 1 6 8 21 22 
0 1 6 9 11 13 
0 1 6 9 13 15 
0 1 6 9 13 23 
0 1 6 9 13 24 
0 1 6 9 19 23 
0 1 6 10 17 23 
0 1 6 10 23 24 
0 1 6 12 16 23 
0 1 6 13 17 23 
0 1 6 14 21 23 
0 1 6 14 22 24 
0 1 6 15 19 23 
0 1 7 8 10 12 
0 1 7 8 10 21 
0 1 7 8 12 23 
0 1 7 8 21 23 
0 1 7 9 10 14 
0 1 7 9 10 21 
0 1 7 9 11 12 
0 1 7 9 11 14 
0 1 7 9 12 16 
0 1 7 9 12 22 
0 1 7 9 14 22 
0 1 7 9 20 22 
0 1 7 9 21 22 
0 1 7 9 21 24 
0 1 7 10 20 24 
0 1 7 11 18 23 
0 1 7 13 21 23 
0 1 8 10 13 14 
0 1 8 10 20 22 
0 1 8 11 13 17 
0 1 8 11 20 22 
0 1 8 11 20 24 
0 1 8 12 17 23 
0 1 8 14 18 23 
0 1 8 14 19 23 
0 1 8 14 21 23 
0 1 8 14 21 24 
0 1 8 15 21 24 
0 1 8 16 19 21 
0 1 8 16 20 22 
0 1 9 11 16 22 
0 1 9 12 19 21 
0 1 9 13 15 18 
0 1 9 13 20 23 
0 1 9 14 16 22 
0 1 9 14 19 23 
0 1 9 15 17 22 
0 1 9 15 20 22 
0 1 9 16 20 22 
0 1 9 19 20 22 
0 1 9 19 21 23 
0 1 10 12 18 21 
0 1 10 13 19 21 
0 1 10 14 17 19 
0 1 10 15 19 23 
0 1 10 17 21 23 
0 1 11 13 17 20 
0 1 11 14 18 20 
0 1 11 14 19 23 
0 1 11 16 19 23 
0 1 11 17 20 24 
0 1 11 17 21 24 
0 1 11 17 22 24 
0 1 11 19 20 23 
0 1 12 13 16 18 
0 1 12 13 20 22 
0 1 12 15 17 19 
0 1 12 16 17 19 
0 1 12 16 17 23 
0 1 12 16 18 21 
0 1 12 16 18 23 
0 1 12 16 19 24 
0 1 12 16 20 23 
0 1 12 17 19 22 
0 1 13 15 17 20 
0 1 13 15 21 22 
0 1 13 16 20 24 
0 1 14 15 17 19 
0 1 14 15 17 21 
0 1 14 15 19 23 
0 1 14 15 21 23 
0 1 14 16 18 19 
0 1 14 16 19 22 
0 1 14 16 21 22 
0 1 14 17 20 24 
0 1 14 18 23 24 
