0 1 2 5 13 22 
0 1 2 6 9 16 
0 1 2 6 10 13 
0 1 2 6 17 20 
0 1 2 7 16 24 
0 1 2 9 12 23 
0 1 2 13 20 23 
0 1 2 16 19 23 
0 1 3 5 11 18 
0 1 3 5 13 21 
0 1 3 5 14 20 
0 1 3 7 11 16 
0 1 3 7 12 20 
0 1 3 8 12 22 
0 1 3 8 14 18 
0 1 3 8 17 23 
0 1 3 9 11 23 
0 1 3 10 14 22 
0 1 3 13 19 23 
0 1 3 16 20 21 
0 1 4 5 11 13 
0 1 4 5 19 21 
0 1 4 6 11 19 
0 1 4 6 18 20 
0 1 4 8 10 15 
0 1 4 9 11 15 
0 1 4 10 12 17 
0 1 4 12 21 26 
0 1 5 7 15 18 
0 1 5 8 15 26 
0 1 5 9 12 26 
0 1 5 9 15 25 
0 1 5 11 20 25 
0 1 5 16 19 26 
0 1 5 17 19 25 
0 1 5 18 20 21 
0 1 6 8 11 15 
0 1 6 9 11 13 
0 1 6 14 18 25 
0 1 6 15 23 26 
0 1 6 16 20 25 
0 1 7 8 10 23 
0 1 7 8 12 25 
0 1 7 9 23 24 
0 1 7 15 23 25 
0 1 8 10 22 24 
0 1 8 11 13 17 
0 1 8 11 22 26 
0 1 8 12 14 17 
0 1 8 14 23 25 
0 1 8 16 21 25 
0 1 9 17 22 24 
0 1 10 13 21 23 
0 1 10 14 20 25 
0 1 10 17 23 25 
0 1 11 14 16 20 
0 1 11 15 17 20 
0 1 11 16 18 24 
0 1 12 17 21 25 
0 1 12 19 22 26 
0 1 13 17 19 24 
0 1 13 17 20 22 
0 1 13 18 20 24 
0 1 15 17 19 22 
0 1 15 17 23 24 
0 1 15 18 22 26 
