0 1 2 5 9 20 26 36 
0 1 2 5 16 22 40 41 
0 1 2 6 9 17 26 36 
0 1 2 6 21 24 38 41 
0 1 2 9 10 28 34 45 
0 1 2 9 12 26 29 44 
0 1 2 14 24 30 41 45 
0 1 2 14 24 33 41 44 
0 1 3 4 8 19 25 39 
0 1 3 4 13 27 33 44 
0 1 3 5 11 15 24 31 
0 1 3 5 11 17 24 33 
0 1 3 5 15 24 35 41 
0 1 3 5 24 31 37 39 
0 1 3 7 9 19 24 35 
0 1 3 7 24 29 37 39 
0 1 3 7 24 33 35 43 
0 1 3 7 27 32 37 40 
0 1 3 8 15 19 25 28 
0 1 3 8 15 21 25 40 
0 1 3 9 19 24 31 35 
0 1 3 9 19 24 37 41 
0 1 3 9 23 32 33 44 
0 1 3 11 15 17 24 29 
0 1 3 11 15 24 41 43 
0 1 3 11 17 24 29 33 
0 1 3 13 15 17 24 43 
0 1 3 13 15 19 24 41 
0 1 3 13 17 24 33 43 
0 1 3 15 19 24 35 41 
0 1 3 17 24 33 37 43 
0 1 3 19 24 35 39 41 
0 1 3 20 27 28 33 37 
0 1 3 24 29 31 35 39 
0 1 3 24 29 33 35 41 
0 1 4 5 14 16 22 29 
0 1 4 5 24 31 37 39 
0 1 4 6 9 14 30 37 
0 1 4 6 10 14 30 37 
0 1 4 6 13 21 30 38 
0 1 4 6 13 24 32 34 
0 1 4 6 13 28 30 38 
0 1 4 6 13 30 33 38 
0 1 4 6 13 30 34 38 
0 1 4 6 14 16 25 32 
0 1 4 6 14 21 30 37 
0 1 4 6 14 25 32 40 
0 1 4 6 14 28 30 37 
0 1 4 6 16 21 30 41 
0 1 4 6 18 25 38 40 
0 1 4 8 10 14 32 37 
0 1 4 8 11 23 25 43 
0 1 4 8 13 32 34 38 
0 1 4 8 15 25 27 43 
0 1 4 8 17 19 29 43 
0 1 4 8 19 21 33 43 
0 1 4 8 19 25 35 47 
0 1 4 9 10 22 24 41 
0 1 4 9 11 15 27 28 
0 1 4 9 11 24 31 43 
0 1 4 9 17 28 30 42 
0 1 4 10 18 20 25 36 
0 1 4 10 21 29 34 36 
0 1 4 10 24 30 32 37 
0 1 4 12 15 25 41 43 
0 1 4 12 17 19 25 39 
0 1 4 13 17 19 24 27 
0 1 4 14 16 25 42 44 
0 1 4 14 18 20 25 40 
0 1 4 14 25 30 40 42 
0 1 4 15 16 21 23 39 
0 1 4 15 17 25 36 43 
0 1 4 15 21 37 39 44 
0 1 4 15 21 39 40 47 
0 1 4 16 18 25 38 44 
0 1 4 16 25 30 32 38 
0 1 4 19 25 36 39 41 
0 1 4 20 25 34 36 42 
0 1 4 20 25 38 40 42 
0 1 4 25 30 32 38 40 
0 1 5 7 13 21 24 39 
0 1 5 7 15 21 24 37 
0 1 5 7 15 24 27 37 
0 1 5 7 19 29 32 40 
0 1 5 7 24 27 35 39 
0 1 5 7 24 33 35 45 
0 1 5 8 16 25 35 47 
0 1 5 8 17 19 28 43 
0 1 5 9 12 14 32 38 
0 1 5 10 12 28 34 45 
0 1 5 11 24 27 39 41 
0 1 5 11 24 31 33 45 
0 1 5 13 15 21 24 31 
0 1 5 14 20 22 25 32 
0 1 5 16 17 26 40 46 
0 1 5 16 22 36 45 46 
0 1 5 17 24 27 33 35 
0 1 5 20 23 37 40 47 
0 1 5 21 24 31 37 39 
0 1 5 24 28 31 37 39 
0 1 6 8 10 22 25 36 
0 1 6 8 10 22 25 38 
0 1 6 8 10 24 34 37 
0 1 6 8 12 22 25 40 
0 1 6 8 22 25 34 38 
0 1 6 8 24 28 34 37 
0 1 6 8 24 33 34 37 
0 1 6 8 24 34 37 45 
0 1 6 8 25 34 38 46 
0 1 6 9 10 17 34 36 
0 1 6 9 13 24 32 34 
0 1 6 10 13 24 32 34 
0 1 6 10 21 22 24 41 
0 1 6 12 16 25 32 46 
0 1 6 13 24 32 34 45 
0 1 6 14 16 18 25 28 
0 1 6 14 16 25 28 32 
0 1 6 14 16 25 42 46 
0 1 6 16 25 32 36 46 
0 1 6 16 28 30 41 45 
0 1 6 18 21 25 38 40 
0 1 6 18 22 25 38 40 
0 1 6 18 25 38 40 45 
0 1 6 20 30 32 41 45 
0 1 6 21 30 32 41 44 
0 1 6 22 24 34 41 45 
0 1 6 22 25 38 40 42 
0 1 6 24 26 38 41 45 
0 1 6 25 32 34 36 46 
0 1 7 9 11 24 27 43 
0 1 7 9 11 24 29 45 
0 1 7 9 19 24 35 45 
0 1 7 11 15 24 27 29 
0 1 7 11 19 21 24 33 
0 1 7 11 32 35 37 40 
0 1 7 13 15 24 29 45 
0 1 7 19 21 32 40 45 
0 1 8 9 10 13 24 30 
0 1 8 9 27 33 44 47 
0 1 8 10 13 24 28 30 
0 1 8 10 13 24 30 34 
0 1 8 10 13 24 30 45 
0 1 8 10 13 32 34 38 
0 1 8 10 14 17 32 37 
0 1 8 10 14 22 25 30 
0 1 8 10 14 25 30 46 
0 1 8 10 14 29 32 37 
0 1 8 10 14 32 34 37 
0 1 8 10 22 25 38 44 
0 1 8 11 15 17 36 41 
0 1 8 11 16 23 25 29 
0 1 8 11 25 28 43 47 
0 1 8 12 25 30 40 46 
0 1 8 13 29 32 34 38 
0 1 8 13 32 34 38 41 
0 1 8 14 16 20 25 46 
0 1 8 14 25 30 34 46 
0 1 8 14 25 34 44 46 
0 1 8 16 20 22 25 38 
0 1 8 19 23 25 28 35 
0 1 8 19 28 33 43 45 
0 1 8 25 27 28 39 43 
0 1 8 25 27 39 40 45 
0 1 8 25 30 34 36 46 
0 1 9 11 17 19 24 45 
0 1 9 11 24 27 31 43 
0 1 9 11 24 28 31 43 
0 1 9 11 24 31 43 45 
0 1 9 12 14 17 38 42 
0 1 9 12 17 22 42 46 
0 1 9 14 29 32 36 38 
0 1 9 17 20 30 42 44 
0 1 9 17 24 35 43 45 
0 1 9 24 27 37 41 43 
0 1 9 24 28 34 41 46 
0 1 9 24 29 31 35 45 
0 1 10 12 18 21 25 44 
0 1 10 12 18 25 28 44 
0 1 10 12 18 25 44 45 
0 1 10 12 18 25 44 46 
0 1 10 12 20 25 42 46 
0 1 10 14 18 20 25 46 
0 1 10 14 20 22 25 32 
0 1 10 14 22 25 42 44 
0 1 10 22 25 30 32 36 
0 1 10 24 30 32 33 37 
0 1 10 24 30 32 34 37 
0 1 10 24 30 32 37 45 
0 1 10 24 30 41 45 46 
0 1 10 25 28 36 42 44 
0 1 10 26 28 33 34 45 
0 1 11 13 17 20 35 40 
0 1 11 15 17 20 36 41 
0 1 11 15 17 36 39 41 
0 1 11 15 17 36 41 45 
0 1 11 15 19 36 43 45 
0 1 11 15 24 27 41 43 
0 1 11 16 19 36 43 45 
0 1 11 17 19 21 24 33 
0 1 11 17 19 24 33 45 
0 1 11 17 35 37 40 44 
0 1 11 19 21 36 43 45 
0 1 11 19 24 27 31 33 
0 1 11 19 28 36 43 45 
0 1 11 24 27 29 33 41 
0 1 11 24 27 39 41 43 
0 1 12 15 16 25 41 43 
0 1 12 15 17 19 25 39 
0 1 12 15 17 35 39 41 
0 1 12 15 21 25 41 43 
0 1 12 15 25 39 41 43 
0 1 12 16 17 19 25 39 
0 1 12 16 21 22 29 46 
0 1 12 16 22 25 30 32 
0 1 12 17 19 25 39 45 
0 1 12 17 20 35 39 41 
0 1 12 17 32 35 39 41 
0 1 12 17 35 39 41 45 
0 1 12 18 20 22 25 34 
0 1 12 19 21 35 43 45 
0 1 12 19 28 35 43 45 
0 1 12 19 35 39 43 45 
0 1 12 19 35 40 43 45 
0 1 12 22 25 34 42 44 
0 1 12 25 28 34 42 44 
0 1 13 15 20 28 39 45 
0 1 13 15 32 39 40 43 
0 1 13 17 19 24 27 28 
0 1 13 17 19 24 27 33 
0 1 13 17 19 24 27 39 
0 1 13 23 29 40 44 47 
0 1 13 23 32 40 43 47 
0 1 13 24 27 39 41 43 
0 1 13 24 29 31 39 45 
0 1 14 16 20 22 25 32 
0 1 14 16 22 25 32 44 
0 1 14 18 25 30 40 46 
0 1 14 20 22 25 29 32 
0 1 14 21 24 26 30 41 
0 1 14 25 30 40 42 46 
0 1 15 17 25 36 39 43 
0 1 15 17 25 36 40 43 
0 1 15 17 25 36 43 45 
0 1 15 19 25 36 39 41 
0 1 15 24 27 29 31 37 
0 1 16 18 22 25 30 38 
0 1 16 20 25 32 38 46 
0 1 16 22 25 30 32 36 
0 1 16 25 28 30 32 38 
0 1 16 25 28 30 38 42 
0 1 16 25 32 38 44 46 
0 1 17 19 24 27 33 37 
0 1 17 20 24 27 29 35 
0 1 17 21 24 33 35 43 
0 1 17 24 27 29 33 35 
0 1 17 24 27 29 35 39 
0 1 17 24 27 29 35 44 
0 1 17 24 33 35 43 45 
0 1 18 25 28 34 36 44 
0 1 18 25 34 38 44 46 
0 1 19 21 25 36 39 41 
0 1 19 24 27 35 39 41 
0 1 19 25 36 39 40 41 
0 1 20 22 25 34 38 42 
0 1 20 24 26 33 38 41 
0 1 20 25 32 34 38 46 
0 1 20 27 33 35 44 45 
0 1 21 22 25 30 32 36 
0 1 21 22 34 38 40 45 
0 1 21 24 30 34 41 46 
0 1 21 24 31 33 35 43 
0 1 22 25 30 32 36 45 
