0 1 2 5 8 
0 1 2 5 10 
0 1 2 6 9 
0 1 2 8 13 
0 1 2 9 12 
0 1 2 10 13 
0 1 3 4 9 
0 1 3 4 11 
0 1 3 5 9 
0 1 3 7 8 
0 1 3 7 11 
0 1 3 8 13 
0 1 3 9 12 
0 1 3 11 12 
0 1 4 6 8 
0 1 4 6 9 
0 1 4 7 9 
0 1 4 7 15 
0 1 4 9 11 
0 1 4 9 14 
0 1 4 9 15 
0 1 4 10 12 
0 1 5 6 8 
0 1 5 6 14 
0 1 5 7 8 
0 1 5 7 13 
0 1 5 8 10 
0 1 5 8 14 
0 1 5 8 15 
0 1 6 8 13 
0 1 6 10 14 
0 1 6 13 14 
0 1 7 9 12 
0 1 7 12 15 
0 1 8 10 13 
0 1 8 11 13 
0 1 8 11 15 
0 1 8 12 14 
0 1 8 13 14 
0 1 9 10 12 
0 1 9 10 14 
0 1 9 11 12 
0 1 9 11 13 
0 1 9 12 15 
