0 1 2 3 7 
0 1 2 3 10 
0 1 2 4 7 
0 1 2 4 9 
0 1 2 5 7 
0 1 2 5 8 
0 1 2 5 9 
0 1 2 6 9 
0 1 2 6 13 
0 1 2 7 10 
0 1 2 7 11 
0 1 2 7 12 
0 1 2 8 11 
0 1 2 9 11 
0 1 2 9 12 
0 1 2 9 13 
0 1 3 4 8 
0 1 3 4 10 
0 1 3 5 7 
0 1 3 5 8 
0 1 3 6 7 
0 1 3 6 10 
0 1 3 6 13 
0 1 3 7 8 
0 1 3 7 9 
0 1 3 7 10 
0 1 3 7 12 
0 1 3 8 10 
0 1 3 8 11 
0 1 3 8 12 
0 1 3 8 13 
0 1 3 9 10 
0 1 3 10 11 
0 1 4 5 7 
0 1 4 5 12 
0 1 4 6 7 
0 1 4 6 8 
0 1 4 6 11 
0 1 4 6 13 
0 1 4 7 9 
0 1 4 7 12 
0 1 4 7 13 
0 1 4 8 10 
0 1 4 8 13 
0 1 4 9 11 
0 1 5 6 8 
0 1 5 6 12 
0 1 5 7 8 
0 1 5 7 10 
0 1 5 7 11 
0 1 5 7 12 
0 1 5 8 10 
0 1 5 8 12 
0 1 5 8 13 
0 1 5 9 12 
0 1 5 11 12 
0 1 5 12 13 
0 1 6 8 11 
0 1 6 8 12 
0 1 6 9 13 
0 1 6 10 13 
0 1 6 11 13 
0 1 7 8 10 
0 1 7 8 12 
0 1 7 9 10 
0 1 7 9 11 
0 1 7 10 12 
0 1 7 10 13 
0 1 7 11 12 
0 1 8 9 11 
0 1 8 9 12 
0 1 8 10 11 
0 1 8 10 12 
0 1 8 10 13 
0 1 8 11 13 
0 1 8 12 13 
