0 1 2 3 7 15 
0 1 2 3 8 12 
0 1 2 3 12 20 
0 1 2 3 15 19 
0 1 2 4 12 19 
0 1 2 4 13 18 
0 1 2 5 8 14 
0 1 2 5 11 17 
0 1 2 5 12 20 
0 1 2 5 14 18 
0 1 2 6 9 12 
0 1 2 6 9 14 
0 1 2 6 10 13 
0 1 2 6 13 16 
0 1 2 6 14 17 
0 1 2 6 14 21 
0 1 2 6 14 23 
0 1 2 6 15 18 
0 1 2 7 10 14 
0 1 2 7 11 23 
0 1 2 7 14 22 
0 1 2 8 11 20 
0 1 2 8 12 21 
0 1 2 8 13 22 
0 1 2 9 12 20 
0 1 2 9 15 21 
0 1 2 10 13 20 
0 1 2 11 19 23 
0 1 2 12 16 19 
0 1 2 12 17 20 
0 1 2 12 18 21 
0 1 2 13 16 20 
0 1 2 14 17 20 
0 1 2 14 18 23 
0 1 3 5 11 12 
0 1 3 5 12 19 
0 1 3 5 13 18 
0 1 3 5 17 18 
0 1 3 6 9 13 
0 1 3 6 12 20 
0 1 3 6 13 21 
0 1 3 6 14 18 
0 1 3 7 11 12 
0 1 3 7 12 15 
0 1 3 7 12 17 
0 1 3 7 15 20 
0 1 3 8 9 13 
0 1 3 8 12 14 
0 1 3 8 12 18 
0 1 3 8 15 19 
0 1 3 8 15 21 
0 1 3 9 13 18 
0 1 3 9 13 20 
0 1 3 9 14 21 
0 1 3 9 15 20 
0 1 3 11 18 23 
0 1 3 12 14 20 
0 1 3 12 15 19 
0 1 3 12 17 21 
0 1 3 12 17 23 
0 1 3 13 17 18 
0 1 3 13 18 21 
0 1 4 5 10 12 
0 1 4 5 11 13 
0 1 4 5 16 18 
0 1 4 5 17 19 
0 1 4 6 11 16 
0 1 4 6 13 14 
0 1 4 6 13 16 
0 1 4 6 13 20 
0 1 4 6 16 17 
0 1 4 7 10 12 
0 1 4 7 12 22 
0 1 4 7 13 23 
0 1 4 7 17 19 
0 1 4 8 10 13 
0 1 4 8 13 22 
0 1 4 10 12 17 
0 1 4 10 12 19 
0 1 4 10 16 23 
0 1 4 10 17 22 
0 1 4 11 13 19 
0 1 4 11 16 18 
0 1 4 11 16 22 
0 1 4 11 19 23 
0 1 4 12 14 19 
0 1 4 12 19 22 
0 1 4 13 16 18 
0 1 4 13 17 23 
0 1 4 13 18 20 
0 1 5 7 10 13 
0 1 5 7 12 15 
0 1 5 7 12 21 
0 1 5 7 14 17 
0 1 5 7 16 19 
0 1 5 7 17 20 
0 1 5 8 11 23 
0 1 5 8 12 14 
0 1 5 8 13 23 
0 1 5 8 17 19 
0 1 5 8 18 20 
0 1 5 9 11 12 
0 1 5 9 12 23 
0 1 5 10 16 22 
0 1 5 10 18 22 
0 1 5 11 13 22 
0 1 5 12 15 23 
0 1 5 12 16 22 
0 1 5 12 19 21 
0 1 5 13 15 18 
0 1 5 13 16 23 
0 1 5 13 19 22 
0 1 5 13 20 23 
0 1 5 13 22 23 
0 1 5 14 17 19 
0 1 5 14 17 23 
0 1 5 15 17 18 
0 1 5 16 17 19 
0 1 6 8 9 20 
0 1 6 8 10 13 
0 1 6 8 11 20 
0 1 6 8 12 15 
0 1 6 8 17 20 
0 1 6 8 18 21 
0 1 6 8 20 21 
0 1 6 9 11 13 
0 1 6 9 13 15 
0 1 6 9 13 23 
0 1 6 9 18 20 
0 1 6 10 13 22 
0 1 6 10 17 22 
0 1 6 10 22 23 
0 1 6 11 13 21 
0 1 6 12 14 21 
0 1 6 13 15 21 
0 1 6 13 20 22 
0 1 6 13 21 23 
0 1 7 8 10 12 
0 1 7 8 10 20 
0 1 7 8 12 22 
0 1 7 8 20 22 
0 1 7 9 11 12 
0 1 7 9 12 21 
0 1 7 9 14 21 
0 1 7 9 20 21 
0 1 7 10 12 16 
0 1 7 10 12 20 
0 1 7 10 19 23 
0 1 7 11 13 16 
0 1 7 11 19 22 
0 1 7 11 20 23 
0 1 7 12 16 22 
0 1 7 12 20 22 
0 1 7 12 21 23 
0 1 7 13 17 22 
0 1 8 9 12 14 
0 1 8 9 19 21 
0 1 8 10 13 14 
0 1 8 11 13 17 
0 1 8 11 18 20 
0 1 8 11 19 23 
0 1 8 12 14 17 
0 1 8 13 15 21 
0 1 8 13 18 22 
0 1 8 14 20 23 
0 1 9 12 14 18 
0 1 9 12 19 21 
0 1 9 12 19 23 
0 1 9 13 15 18 
0 1 9 14 19 21 
0 1 10 12 16 19 
0 1 10 13 17 19 
0 1 10 13 18 20 
0 1 10 13 18 22 
0 1 10 18 22 23 
0 1 11 12 15 17 
0 1 11 12 19 21 
0 1 11 13 16 17 
0 1 11 13 17 20 
0 1 11 13 17 22 
0 1 11 15 18 23 
0 1 11 16 19 23 
0 1 11 17 20 23 
0 1 12 14 16 19 
0 1 12 14 20 21 
0 1 12 15 17 19 
0 1 12 15 17 21 
0 1 12 15 18 20 
0 1 12 15 19 23 
0 1 12 16 17 22 
0 1 12 16 19 22 
0 1 13 14 16 18 
0 1 13 14 16 20 
0 1 13 14 18 22 
0 1 13 14 20 22 
0 1 13 15 17 18 
0 1 13 15 18 21 
0 1 13 15 20 21 
0 1 13 16 19 23 
0 1 13 17 22 23 
