0 1 2 3 5 12 18 26 
0 1 2 3 7 13 21 30 
0 1 2 3 7 17 26 34 
0 1 2 3 8 10 30 34 
0 1 2 3 8 11 29 33 
0 1 2 3 8 12 21 31 
0 1 2 3 8 13 17 26 
0 1 2 3 8 13 18 22 
0 1 2 3 8 22 31 35 
0 1 2 3 8 26 31 35 
0 1 2 3 8 26 32 36 
0 1 2 3 9 13 26 31 
0 1 2 3 10 14 19 25 
0 1 2 3 12 16 22 40 
0 1 2 3 13 17 22 40 
0 1 2 3 13 17 26 40 
0 1 2 3 14 18 38 40 
0 1 2 3 14 22 31 41 
0 1 2 3 15 19 37 40 
0 1 2 3 17 22 35 39 
0 1 2 3 17 27 36 40 
0 1 2 3 18 27 35 41 
0 1 2 3 22 30 36 43 
0 1 2 3 22 31 35 40 
0 1 2 3 23 29 34 38 
0 1 2 3 26 30 35 40 
0 1 2 4 6 13 23 31 
0 1 2 4 7 18 24 37 
0 1 2 4 8 12 17 26 
0 1 2 4 8 13 21 31 
0 1 2 4 8 21 30 35 
0 1 2 4 8 26 32 37 
0 1 2 4 9 14 19 25 
0 1 2 4 9 15 21 31 
0 1 2 4 10 15 22 29 
0 1 2 4 10 15 22 30 
0 1 2 4 10 15 27 39 
0 1 2 4 10 16 27 40 
0 1 2 4 10 17 22 36 
0 1 2 4 11 17 25 44 
0 1 2 4 11 27 32 39 
0 1 2 4 12 16 27 40 
0 1 2 4 12 17 26 39 
0 1 2 4 12 25 30 39 
0 1 2 4 12 25 31 40 
0 1 2 4 12 27 33 40 
0 1 2 4 13 16 21 39 
0 1 2 4 13 16 23 41 
0 1 2 4 13 18 24 39 
0 1 2 4 13 20 35 41 
0 1 2 4 14 22 29 40 
0 1 2 4 15 20 37 39 
0 1 2 4 15 21 37 42 
0 1 2 4 15 23 33 40 
0 1 2 4 16 21 36 39 
0 1 2 4 16 28 38 41 
0 1 2 4 17 27 33 38 
0 1 2 4 18 27 34 39 
0 1 2 4 19 27 35 40 
0 1 2 4 22 30 33 40 
0 1 2 4 22 30 35 39 
0 1 2 4 22 30 35 40 
0 1 2 4 22 30 36 42 
0 1 2 4 23 29 33 38 
0 1 2 4 24 28 33 39 
0 1 2 5 6 13 22 32 
0 1 2 5 6 17 24 37 
0 1 2 5 7 24 32 36 
0 1 2 5 8 16 28 37 
0 1 2 5 8 20 23 36 
0 1 2 5 8 21 30 35 
0 1 2 5 8 22 31 35 
0 1 2 5 8 24 33 35 
0 1 2 5 9 15 21 32 
0 1 2 5 9 19 25 34 
0 1 2 5 9 29 32 35 
0 1 2 5 10 15 27 39 
0 1 2 5 10 16 22 29 
0 1 2 5 10 16 27 34 
0 1 2 5 10 21 32 38 
0 1 2 5 10 26 32 43 
0 1 2 5 11 15 21 38 
0 1 2 5 11 15 23 30 
0 1 2 5 11 15 27 39 
0 1 2 5 11 17 24 42 
0 1 2 5 11 17 25 43 
0 1 2 5 11 18 23 31 
0 1 2 5 11 18 26 33 
0 1 2 5 11 19 24 31 
0 1 2 5 11 19 26 34 
0 1 2 5 11 23 30 37 
0 1 2 5 11 24 30 38 
0 1 2 5 11 25 30 38 
0 1 2 5 11 27 32 39 
0 1 2 5 12 17 26 39 
0 1 2 5 12 18 26 27 
0 1 2 5 12 18 26 35 
0 1 2 5 12 18 26 41 
0 1 2 5 12 22 32 38 
0 1 2 5 12 24 32 41 
0 1 2 5 12 27 33 41 
0 1 2 5 13 17 26 40 
0 1 2 5 13 19 26 35 
0 1 2 5 13 20 36 41 
0 1 2 5 13 22 31 40 
0 1 2 5 13 22 32 38 
0 1 2 5 14 16 22 40 
0 1 2 5 14 18 24 39 
0 1 2 5 14 22 29 40 
0 1 2 5 14 24 29 39 
0 1 2 5 14 27 29 39 
0 1 2 5 14 28 29 39 
0 1 2 5 15 18 27 39 
0 1 2 5 15 21 27 38 
0 1 2 5 15 21 32 38 
0 1 2 5 15 21 38 39 
0 1 2 5 15 27 30 39 
0 1 2 5 16 24 34 41 
0 1 2 5 17 27 32 38 
0 1 2 5 17 27 33 38 
0 1 2 5 18 24 35 38 
0 1 2 5 18 26 35 40 
0 1 2 5 19 25 30 37 
0 1 2 5 19 25 35 38 
0 1 2 5 21 22 32 38 
0 1 2 5 21 28 32 38 
0 1 2 5 21 28 34 36 
0 1 2 5 22 27 32 38 
0 1 2 5 23 30 36 42 
0 1 2 6 7 15 18 25 
0 1 2 6 8 11 30 33 
0 1 2 6 8 17 20 30 
0 1 2 6 8 20 23 36 
0 1 2 6 9 12 30 32 
0 1 2 6 9 14 29 35 
0 1 2 6 9 16 25 34 
0 1 2 6 9 19 30 31 
0 1 2 6 9 19 31 40 
0 1 2 6 9 19 31 43 
0 1 2 6 9 20 30 32 
0 1 2 6 10 13 28 31 
0 1 2 6 10 13 29 31 
0 1 2 6 11 14 21 29 
0 1 2 6 11 27 34 42 
0 1 2 6 12 19 22 37 
0 1 2 6 12 20 29 44 
0 1 2 6 12 27 34 43 
0 1 2 6 13 16 25 33 
0 1 2 6 13 19 22 37 
0 1 2 6 13 23 31 42 
0 1 2 6 13 28 31 37 
0 1 2 6 14 15 18 25 
0 1 2 6 14 17 24 26 
0 1 2 6 14 18 21 36 
0 1 2 6 14 20 35 42 
0 1 2 6 14 26 29 36 
0 1 2 6 15 17 18 25 
0 1 2 6 15 18 25 26 
0 1 2 6 15 23 35 42 
0 1 2 6 15 26 29 39 
0 1 2 6 16 19 30 39 
0 1 2 6 16 25 33 44 
0 1 2 6 17 20 30 39 
0 1 2 6 18 25 33 36 
0 1 2 6 19 22 36 39 
0 1 2 6 20 23 35 38 
0 1 2 6 20 23 36 39 
0 1 2 6 21 24 35 38 
0 1 2 6 21 28 34 37 
0 1 2 6 21 28 35 38 
0 1 2 6 21 29 33 36 
0 1 2 6 21 29 35 38 
0 1 2 6 21 29 35 42 
0 1 2 6 22 27 34 37 
0 1 2 6 24 31 34 43 
0 1 2 6 25 29 33 36 
0 1 2 7 9 12 28 32 
0 1 2 7 9 29 33 44 
0 1 2 7 9 31 34 35 
0 1 2 7 10 12 28 32 
0 1 2 7 10 14 21 29 
0 1 2 7 10 14 25 29 
0 1 2 7 10 14 29 34 
0 1 2 7 10 14 29 35 
0 1 2 7 10 15 30 34 
0 1 2 7 10 18 22 33 
0 1 2 7 10 20 30 34 
0 1 2 7 10 21 30 34 
0 1 2 7 10 22 29 33 
0 1 2 7 10 28 32 44 
0 1 2 7 10 30 33 34 
0 1 2 7 11 14 21 29 
0 1 2 7 11 15 24 27 
0 1 2 7 11 19 29 32 
0 1 2 7 11 19 31 34 
0 1 2 7 11 20 23 37 
0 1 2 7 11 20 30 44 
0 1 2 7 11 25 30 33 
0 1 2 7 12 16 25 44 
0 1 2 7 12 17 21 44 
0 1 2 7 12 17 25 43 
0 1 2 7 12 20 28 43 
0 1 2 7 12 21 29 42 
0 1 2 7 12 30 33 37 
0 1 2 7 14 17 25 43 
0 1 2 7 14 18 21 37 
0 1 2 7 14 20 35 43 
0 1 2 7 14 24 32 43 
0 1 2 7 15 19 22 36 
0 1 2 7 16 22 35 43 
0 1 2 7 16 25 34 42 
0 1 2 7 16 28 38 41 
0 1 2 7 18 25 33 42 
0 1 2 7 18 25 33 43 
0 1 2 7 20 31 35 43 
0 1 2 7 20 31 37 43 
0 1 2 7 21 29 33 36 
0 1 2 7 21 30 34 37 
0 1 2 7 21 30 34 42 
0 1 2 7 21 30 34 44 
0 1 2 7 23 27 32 35 
0 1 2 7 24 27 32 36 
0 1 2 7 25 30 34 44 
0 1 2 7 25 31 33 42 
0 1 2 7 25 31 35 44 
0 1 2 7 26 29 33 37 
0 1 2 8 9 26 32 42 
0 1 2 8 10 13 24 28 
0 1 2 8 10 13 27 31 
0 1 2 8 10 27 32 43 
0 1 2 8 11 12 25 30 
0 1 2 8 11 15 30 35 
0 1 2 8 11 16 24 28 
0 1 2 8 11 24 27 41 
0 1 2 8 11 25 28 41 
0 1 2 8 11 26 31 43 
0 1 2 8 12 17 25 43 
0 1 2 8 12 25 30 44 
0 1 2 8 12 30 33 38 
0 1 2 8 13 17 24 27 
0 1 2 8 13 20 29 43 
0 1 2 8 14 19 23 43 
0 1 2 8 15 20 36 42 
0 1 2 8 15 20 36 43 
0 1 2 8 17 20 32 42 
0 1 2 8 17 22 35 43 
0 1 2 8 17 27 30 41 
0 1 2 8 17 28 31 41 
0 1 2 8 18 19 33 42 
0 1 2 8 18 20 33 42 
0 1 2 8 18 21 32 41 
0 1 2 8 18 23 33 42 
0 1 2 8 20 29 32 42 
0 1 2 8 20 32 36 42 
0 1 2 8 20 32 37 42 
0 1 2 8 20 32 37 43 
0 1 2 8 21 30 35 42 
0 1 2 8 21 30 35 43 
0 1 2 8 23 29 33 42 
0 1 2 8 23 29 34 43 
0 1 2 8 24 27 32 36 
0 1 2 8 26 30 32 35 
0 1 2 8 26 30 33 35 
0 1 2 8 26 31 34 43 
0 1 2 9 12 18 26 41 
0 1 2 9 12 19 26 41 
0 1 2 9 12 22 28 42 
0 1 2 9 12 23 26 41 
0 1 2 9 12 23 29 42 
0 1 2 9 12 24 27 41 
0 1 2 9 13 18 24 44 
0 1 2 9 14 17 20 24 
0 1 2 9 14 17 35 39 
0 1 2 9 14 18 24 43 
0 1 2 9 14 20 30 42 
0 1 2 9 14 20 30 43 
0 1 2 9 15 19 26 42 
0 1 2 9 15 20 25 42 
0 1 2 9 15 20 30 42 
0 1 2 9 15 25 26 42 
0 1 2 9 15 25 34 42 
0 1 2 9 15 25 35 42 
0 1 2 9 15 26 32 42 
0 1 2 9 15 26 37 42 
0 1 2 9 17 22 36 42 
0 1 2 9 17 23 36 42 
0 1 2 9 20 26 32 42 
0 1 2 9 26 32 36 42 
0 1 2 10 13 17 26 40 
0 1 2 10 13 19 26 41 
0 1 2 10 13 20 25 41 
0 1 2 10 14 17 19 25 
0 1 2 10 14 17 20 25 
0 1 2 10 14 17 22 28 
0 1 2 10 14 17 35 40 
0 1 2 10 14 18 21 40 
0 1 2 10 15 18 21 22 
0 1 2 10 15 21 39 43 
0 1 2 10 16 19 34 41 
0 1 2 10 17 22 28 42 
0 1 2 10 17 24 36 42 
0 1 2 10 19 31 39 42 
0 1 2 10 23 29 40 43 
0 1 2 10 23 30 41 42 
0 1 2 10 24 27 36 40 
0 1 2 10 25 28 34 41 
0 1 2 10 25 28 35 41 
0 1 2 10 26 29 33 40 
0 1 2 11 12 16 19 25 
0 1 2 11 13 17 20 25 
0 1 2 11 13 19 26 42 
0 1 2 11 14 18 22 41 
0 1 2 11 14 18 26 40 
0 1 2 11 14 18 26 41 
0 1 2 11 14 22 29 41 
0 1 2 11 15 18 21 23 
0 1 2 11 15 20 23 39 
0 1 2 11 15 20 23 40 
0 1 2 11 15 21 39 44 
0 1 2 11 15 23 40 42 
0 1 2 11 18 21 33 41 
0 1 2 11 24 27 39 41 
0 1 2 11 24 27 39 42 
0 1 2 11 25 28 32 40 
0 1 2 11 25 30 37 43 
0 1 2 11 26 29 33 41 
0 1 2 12 13 16 38 40 
0 1 2 12 14 17 21 39 
0 1 2 12 14 23 39 42 
0 1 2 12 15 17 21 39 
0 1 2 12 15 18 38 42 
0 1 2 12 15 20 24 40 
0 1 2 12 16 17 19 25 
0 1 2 12 16 19 20 25 
0 1 2 12 16 19 24 25 
0 1 2 12 16 21 39 44 
0 1 2 12 16 25 39 42 
0 1 2 12 16 25 39 44 
0 1 2 12 17 26 39 42 
0 1 2 12 17 26 39 43 
0 1 2 12 17 32 36 39 
0 1 2 12 18 33 37 40 
0 1 2 12 18 33 38 41 
0 1 2 12 21 28 34 42 
0 1 2 12 21 29 35 42 
0 1 2 13 14 17 37 40 
0 1 2 13 16 28 36 40 
0 1 2 13 17 26 37 40 
0 1 2 13 17 27 37 40 
0 1 2 13 17 32 37 40 
0 1 2 13 17 37 39 44 
0 1 2 13 18 33 37 40 
0 1 2 13 20 31 37 42 
0 1 2 13 21 28 36 42 
0 1 2 13 21 30 40 44 
0 1 2 13 22 28 38 42 
0 1 2 13 22 31 38 41 
0 1 2 14 17 22 36 40 
0 1 2 14 17 36 39 41 
0 1 2 14 18 25 37 40 
0 1 2 14 18 36 39 44 
0 1 2 14 21 29 36 42 
0 1 2 14 22 31 34 41 
0 1 2 14 25 29 37 40 
0 1 2 15 17 27 38 41 
0 1 2 15 17 35 38 41 
0 1 2 15 18 28 36 40 
0 1 2 15 19 35 37 40 
0 1 2 15 19 35 38 40 
0 1 2 15 25 34 41 42 
0 1 2 15 26 32 38 42 
0 1 2 16 17 28 38 41 
0 1 2 16 18 34 37 41 
0 1 2 16 19 34 37 41 
0 1 2 16 20 34 37 39 
0 1 2 16 21 34 38 44 
0 1 2 16 23 28 36 42 
0 1 2 16 24 29 36 42 
0 1 2 16 24 34 41 43 
0 1 2 16 26 32 38 43 
0 1 2 16 26 34 39 43 
0 1 2 16 26 35 39 44 
0 1 2 17 22 35 36 39 
0 1 2 17 24 32 36 42 
0 1 2 17 25 32 37 43 
0 1 2 17 26 34 40 44 
0 1 2 17 27 30 39 41 
0 1 2 18 22 33 37 40 
0 1 2 18 25 31 37 42 
0 1 2 18 25 32 37 43 
0 1 2 18 26 33 36 40 
0 1 2 18 26 33 36 41 
0 1 2 18 26 33 37 40 
0 1 2 19 23 31 36 39 
0 1 2 19 23 34 37 39 
0 1 2 19 25 30 33 37 
0 1 2 20 21 29 35 42 
0 1 2 20 23 30 34 39 
0 1 2 20 23 32 36 40 
0 1 2 21 22 29 32 41 
0 1 2 21 23 30 33 41 
0 1 2 21 29 35 42 44 
0 1 2 21 30 34 39 44 
0 1 2 21 30 35 39 43 
0 1 2 22 23 28 31 35 
0 1 2 22 27 28 31 35 
0 1 2 22 27 30 33 37 
0 1 2 22 27 30 34 36 
0 1 2 22 28 30 31 35 
0 1 2 22 28 30 33 37 
0 1 2 22 28 31 35 36 
0 1 2 22 28 33 37 44 
0 1 2 22 28 33 38 43 
0 1 2 22 29 30 32 41 
0 1 2 22 29 32 33 41 
0 1 2 22 29 32 40 41 
0 1 2 23 27 30 33 38 
0 1 2 24 26 29 32 36 
0 1 2 25 26 29 32 37 
0 1 2 25 29 34 39 44 
0 1 3 4 7 12 17 27 
0 1 3 4 7 12 22 32 
0 1 3 4 7 17 22 37 
0 1 3 4 7 22 32 37 
0 1 3 4 7 27 32 37 
0 1 3 4 8 18 24 37 
0 1 3 4 8 22 33 39 
0 1 3 4 9 15 28 38 
0 1 3 4 9 17 27 34 
0 1 3 4 10 12 27 32 
0 1 3 4 10 15 23 31 
0 1 3 4 10 16 27 41 
0 1 3 4 10 17 22 37 
0 1 3 4 10 18 23 34 
0 1 3 4 10 21 26 34 
0 1 3 4 11 16 22 31 
0 1 3 4 11 17 22 37 
0 1 3 4 11 21 34 40 
0 1 3 4 12 17 22 42 
0 1 3 4 12 17 27 42 
0 1 3 4 12 25 31 41 
0 1 3 4 12 27 32 38 
0 1 3 4 12 27 32 39 
0 1 3 4 12 27 32 42 
0 1 3 4 15 22 32 40 
0 1 3 4 15 23 28 39 
0 1 3 4 15 26 31 39 
0 1 3 4 17 22 37 39 
0 1 3 4 17 27 37 42 
0 1 3 4 18 26 34 39 
0 1 3 4 18 27 33 38 
0 1 3 4 22 32 37 42 
0 1 3 5 7 16 28 42 
0 1 3 5 7 17 18 26 
0 1 3 5 7 17 27 37 
0 1 3 5 7 18 26 36 
0 1 3 5 7 18 29 38 
0 1 3 5 7 25 33 36 
0 1 3 5 7 26 34 35 
0 1 3 5 7 27 35 36 
0 1 3 5 9 14 21 31 
0 1 3 5 9 14 29 36 
0 1 3 5 9 16 21 31 
0 1 3 5 9 16 22 36 
0 1 3 5 9 16 26 34 
0 1 3 5 9 16 26 36 
0 1 3 5 9 16 28 40 
0 1 3 5 9 21 28 35 
0 1 3 5 10 11 20 32 
0 1 3 5 10 12 18 26 
0 1 3 5 10 13 24 30 
0 1 3 5 10 16 22 30 
0 1 3 5 10 16 24 28 
0 1 3 5 11 13 20 27 
0 1 3 5 11 14 21 33 
0 1 3 5 11 14 29 36 
0 1 3 5 11 17 18 26 
0 1 3 5 11 18 27 36 
0 1 3 5 11 20 25 32 
0 1 3 5 11 20 27 32 
0 1 3 5 11 20 32 43 
0 1 3 5 11 29 33 36 
0 1 3 5 12 16 18 26 
0 1 3 5 12 16 22 30 
0 1 3 5 12 18 26 28 
0 1 3 5 12 19 25 40 
0 1 3 5 12 21 29 35 
0 1 3 5 12 21 35 40 
0 1 3 5 12 22 30 44 
0 1 3 5 12 22 32 42 
0 1 3 5 12 27 32 40 
0 1 3 5 13 25 30 39 
0 1 3 5 13 27 30 39 
0 1 3 5 13 28 34 39 
0 1 3 5 14 15 21 22 
0 1 3 5 14 16 20 38 
0 1 3 5 14 20 22 38 
0 1 3 5 14 20 36 38 
0 1 3 5 14 20 38 43 
0 1 3 5 14 23 29 38 
0 1 3 5 15 21 22 37 
0 1 3 5 15 26 33 42 
0 1 3 5 15 28 31 39 
0 1 3 5 17 26 35 42 
0 1 3 5 18 24 29 38 
0 1 3 5 18 27 32 38 
0 1 3 5 19 28 35 40 
0 1 3 5 21 31 37 43 
0 1 3 5 22 30 36 37 
0 1 3 5 23 29 37 38 
0 1 3 5 26 28 34 35 
0 1 3 5 28 29 35 36 
0 1 3 6 7 12 20 30 
0 1 3 6 7 15 25 35 
0 1 3 6 7 25 35 37 
0 1 3 6 8 10 19 31 
0 1 3 6 8 15 19 25 
0 1 3 6 10 16 26 34 
0 1 3 6 10 17 22 30 
0 1 3 6 10 17 25 33 
0 1 3 6 10 18 21 32 
0 1 3 6 10 18 29 31 
0 1 3 6 10 19 26 34 
0 1 3 6 10 21 26 34 
0 1 3 6 10 21 29 34 
0 1 3 6 10 22 23 37 
0 1 3 6 10 26 33 34 
0 1 3 6 11 15 22 28 
0 1 3 6 11 18 22 31 
0 1 3 6 11 23 32 41 
0 1 3 6 11 29 32 36 
0 1 3 6 12 16 24 31 
0 1 3 6 13 17 21 22 
0 1 3 6 13 17 21 26 
0 1 3 6 13 17 21 36 
0 1 3 6 13 17 21 39 
0 1 3 6 13 26 30 37 
0 1 3 6 13 28 32 37 
0 1 3 6 13 29 33 37 
0 1 3 6 14 16 18 25 
0 1 3 6 14 17 21 36 
0 1 3 6 14 17 26 41 
0 1 3 6 14 18 29 38 
0 1 3 6 14 18 29 39 
0 1 3 6 14 20 29 41 
0 1 3 6 14 20 36 41 
0 1 3 6 15 16 23 27 
0 1 3 6 15 27 31 38 
0 1 3 6 16 18 37 41 
0 1 3 6 16 25 34 38 
0 1 3 6 16 26 33 37 
0 1 3 6 16 27 31 39 
0 1 3 6 17 21 26 38 
0 1 3 6 17 21 29 38 
0 1 3 6 17 23 36 44 
0 1 3 6 17 26 30 38 
0 1 3 6 17 26 33 41 
0 1 3 6 17 28 36 41 
0 1 3 6 18 22 37 38 
0 1 3 6 18 25 34 38 
0 1 3 6 19 25 34 38 
0 1 3 6 19 26 36 40 
0 1 3 6 19 31 40 41 
0 1 3 6 21 25 37 38 
0 1 3 6 21 28 32 36 
0 1 3 6 21 29 32 36 
0 1 3 6 21 29 32 41 
0 1 3 6 21 29 34 38 
0 1 3 6 21 29 35 39 
0 1 3 6 22 31 33 41 
0 1 3 6 25 28 32 36 
0 1 3 6 25 30 34 38 
0 1 3 6 25 33 34 41 
0 1 3 7 8 24 33 34 
0 1 3 7 9 15 20 25 
0 1 3 7 9 15 20 30 
0 1 3 7 9 15 30 35 
0 1 3 7 9 17 22 34 
0 1 3 7 9 18 23 33 
0 1 3 7 9 20 30 40 
0 1 3 7 9 20 31 36 
0 1 3 7 9 21 30 35 
0 1 3 7 9 23 30 35 
0 1 3 7 9 25 35 40 
0 1 3 7 9 30 34 35 
0 1 3 7 10 15 26 28 
0 1 3 7 10 15 32 34 
0 1 3 7 10 21 23 40 
0 1 3 7 11 16 21 33 
0 1 3 7 11 16 25 33 
0 1 3 7 11 16 25 44 
0 1 3 7 11 16 28 30 
0 1 3 7 11 19 28 33 
0 1 3 7 11 20 25 40 
0 1 3 7 11 29 31 43 
0 1 3 7 11 29 32 41 
0 1 3 7 11 30 31 43 
0 1 3 7 12 13 23 31 
0 1 3 7 12 14 22 28 
0 1 3 7 12 15 22 28 
0 1 3 7 12 15 25 29 
0 1 3 7 12 15 25 31 
0 1 3 7 12 15 28 38 
0 1 3 7 12 16 21 38 
0 1 3 7 12 16 28 38 
0 1 3 7 12 17 22 25 
0 1 3 7 12 17 25 27 
0 1 3 7 12 17 25 31 
0 1 3 7 12 17 25 33 
0 1 3 7 12 17 27 35 
0 1 3 7 12 17 27 40 
0 1 3 7 12 20 21 30 
0 1 3 7 12 20 22 38 
0 1 3 7 12 20 28 42 
0 1 3 7 12 20 30 31 
0 1 3 7 12 20 30 44 
0 1 3 7 12 21 29 42 
0 1 3 7 12 22 32 40 
0 1 3 7 12 27 32 35 
0 1 3 7 12 27 35 41 
0 1 3 7 12 27 35 43 
0 1 3 7 13 16 21 35 
0 1 3 7 13 18 22 38 
0 1 3 7 13 18 23 37 
0 1 3 7 13 27 35 43 
0 1 3 7 13 30 32 37 
0 1 3 7 14 28 33 36 
0 1 3 7 14 29 34 38 
0 1 3 7 15 19 24 35 
0 1 3 7 15 20 25 36 
0 1 3 7 15 25 32 41 
0 1 3 7 15 27 32 37 
0 1 3 7 16 17 27 40 
0 1 3 7 16 18 26 40 
0 1 3 7 16 26 31 34 
0 1 3 7 16 27 33 38 
0 1 3 7 17 18 27 40 
0 1 3 7 17 19 24 37 
0 1 3 7 17 20 25 37 
0 1 3 7 17 25 30 36 
0 1 3 7 17 27 37 40 
0 1 3 7 18 26 31 36 
0 1 3 7 19 31 39 41 
0 1 3 7 20 29 34 44 
0 1 3 7 20 30 31 40 
0 1 3 7 21 29 34 36 
0 1 3 7 21 30 35 40 
0 1 3 7 22 27 35 36 
0 1 3 7 22 27 38 39 
0 1 3 7 22 28 33 36 
0 1 3 7 22 28 36 41 
0 1 3 7 23 27 37 40 
0 1 3 7 23 28 33 37 
0 1 3 7 25 29 38 40 
0 1 3 7 25 29 39 40 
0 1 3 7 25 31 33 36 
0 1 3 7 25 31 36 44 
0 1 3 7 27 29 33 38 
0 1 3 8 9 13 30 34 
0 1 3 8 9 16 20 30 
0 1 3 8 9 18 22 34 
0 1 3 8 10 14 25 26 
0 1 3 8 10 14 26 29 
0 1 3 8 10 14 26 31 
0 1 3 8 10 14 26 38 
0 1 3 8 11 17 29 33 
0 1 3 8 11 26 32 36 
0 1 3 8 11 29 33 39 
0 1 3 8 11 29 33 42 
0 1 3 8 11 30 32 36 
0 1 3 8 12 13 22 28 
0 1 3 8 12 13 28 34 
0 1 3 8 12 13 31 37 
0 1 3 8 12 15 19 25 
0 1 3 8 12 15 21 31 
0 1 3 8 12 15 22 28 
0 1 3 8 12 15 29 35 
0 1 3 8 12 16 22 28 
0 1 3 8 12 16 26 40 
0 1 3 8 12 18 21 34 
0 1 3 8 12 18 22 32 
0 1 3 8 12 18 25 34 
0 1 3 8 12 18 26 32 
0 1 3 8 12 18 31 32 
0 1 3 8 12 18 32 34 
0 1 3 8 12 18 33 34 
0 1 3 8 12 21 31 37 
0 1 3 8 12 22 28 33 
0 1 3 8 12 22 37 40 
0 1 3 8 13 17 22 28 
0 1 3 8 13 18 22 42 
0 1 3 8 13 18 24 44 
0 1 3 8 13 22 24 28 
0 1 3 8 13 22 28 42 
0 1 3 8 13 22 30 42 
0 1 3 8 13 22 31 42 
0 1 3 8 13 24 28 39 
0 1 3 8 14 17 21 36 
0 1 3 8 14 18 24 33 
0 1 3 8 14 18 25 34 
0 1 3 8 14 18 25 37 
0 1 3 8 14 20 30 44 
0 1 3 8 14 24 28 33 
0 1 3 8 14 24 33 41 
0 1 3 8 14 24 33 42 
0 1 3 8 14 32 33 36 
0 1 3 8 15 16 19 25 
0 1 3 8 15 16 25 42 
0 1 3 8 15 19 25 28 
0 1 3 8 15 23 32 42 
0 1 3 8 15 24 28 34 
0 1 3 8 15 24 35 41 
0 1 3 8 15 26 32 36 
0 1 3 8 17 23 27 35 
0 1 3 8 17 26 35 41 
0 1 3 8 17 27 30 42 
0 1 3 8 18 19 33 42 
0 1 3 8 18 22 24 33 
0 1 3 8 19 25 34 38 
0 1 3 8 19 29 33 42 
0 1 3 8 20 24 35 39 
0 1 3 8 20 29 31 35 
0 1 3 8 21 26 32 36 
0 1 3 8 21 30 34 36 
0 1 3 8 22 23 35 39 
0 1 3 8 23 29 35 39 
0 1 3 8 24 28 33 34 
0 1 3 8 25 30 34 40 
0 1 3 8 26 32 41 43 
0 1 3 8 27 31 33 37 
0 1 3 9 10 14 26 30 
0 1 3 9 10 21 26 41 
0 1 3 9 11 16 28 32 
0 1 3 9 11 25 29 41 
0 1 3 9 11 29 32 41 
0 1 3 9 11 29 33 40 
0 1 3 9 12 16 21 26 
0 1 3 9 12 16 21 31 
0 1 3 9 12 16 31 36 
0 1 3 9 12 21 31 41 
0 1 3 9 12 26 36 41 
0 1 3 9 13 15 20 36 
0 1 3 9 13 19 34 41 
0 1 3 9 13 20 24 40 
0 1 3 9 13 20 25 31 
0 1 3 9 13 20 25 40 
0 1 3 9 13 20 27 43 
0 1 3 9 13 23 30 35 
0 1 3 9 13 24 29 31 
0 1 3 9 14 16 24 28 
0 1 3 9 14 16 26 30 
0 1 3 9 14 17 21 36 
0 1 3 9 14 18 26 38 
0 1 3 9 14 19 26 30 
0 1 3 9 14 21 28 44 
0 1 3 9 14 21 29 44 
0 1 3 9 14 24 29 41 
0 1 3 9 14 25 29 36 
0 1 3 9 14 26 30 38 
0 1 3 9 14 26 38 41 
0 1 3 9 14 26 38 44 
0 1 3 9 14 29 33 36 
0 1 3 9 15 19 20 22 
0 1 3 9 15 19 20 41 
0 1 3 9 15 20 38 41 
0 1 3 9 15 25 41 43 
0 1 3 9 15 26 39 44 
0 1 3 9 16 20 21 31 
0 1 3 9 16 21 27 31 
0 1 3 9 16 21 31 35 
0 1 3 9 16 21 31 42 
0 1 3 9 16 21 35 44 
0 1 3 9 16 27 31 36 
0 1 3 9 17 19 34 41 
0 1 3 9 18 23 35 39 
0 1 3 9 19 20 31 41 
0 1 3 9 19 20 33 41 
0 1 3 9 19 20 34 41 
0 1 3 9 19 24 34 41 
0 1 3 9 20 24 33 38 
0 1 3 9 20 27 32 42 
0 1 3 9 20 30 32 41 
0 1 3 9 20 31 36 41 
0 1 3 9 23 26 30 35 
0 1 3 9 23 30 31 35 
0 1 3 9 24 28 35 40 
0 1 3 9 26 27 38 41 
0 1 3 9 28 32 33 35 
0 1 3 9 29 30 31 41 
0 1 3 10 11 16 20 34 
0 1 3 10 11 22 27 42 
0 1 3 10 11 25 30 42 
0 1 3 10 12 27 35 41 
0 1 3 10 13 17 21 40 
0 1 3 10 13 20 24 40 
0 1 3 10 14 18 24 43 
0 1 3 10 14 18 34 40 
0 1 3 10 14 19 34 42 
0 1 3 10 14 22 28 43 
0 1 3 10 14 22 39 40 
0 1 3 10 14 24 28 40 
0 1 3 10 14 26 27 40 
0 1 3 10 14 26 31 37 
0 1 3 10 15 16 20 37 
0 1 3 10 15 16 23 27 
0 1 3 10 15 18 26 42 
0 1 3 10 15 21 29 33 
0 1 3 10 15 23 31 42 
0 1 3 10 16 20 32 37 
0 1 3 10 16 24 43 44 
0 1 3 10 16 27 33 41 
0 1 3 10 17 21 33 40 
0 1 3 10 17 21 34 40 
0 1 3 10 17 22 37 42 
0 1 3 10 18 23 34 42 
0 1 3 10 19 23 34 40 
0 1 3 10 21 28 32 40 
0 1 3 10 22 28 30 41 
0 1 3 10 22 28 32 37 
0 1 3 10 25 29 35 43 
0 1 3 10 26 28 34 41 
0 1 3 10 26 31 33 37 
0 1 3 10 26 31 38 44 
0 1 3 10 27 30 33 41 
0 1 3 11 13 18 20 42 
0 1 3 11 13 18 22 42 
0 1 3 11 14 17 21 26 
0 1 3 11 14 17 26 41 
0 1 3 11 14 17 36 41 
0 1 3 11 14 20 36 41 
0 1 3 11 15 16 19 39 
0 1 3 11 15 18 27 40 
0 1 3 11 15 19 24 39 
0 1 3 11 15 20 27 33 
0 1 3 11 15 20 32 38 
0 1 3 11 15 26 39 44 
0 1 3 11 16 18 22 36 
0 1 3 11 16 20 32 38 
0 1 3 11 16 23 25 29 
0 1 3 11 16 25 38 44 
0 1 3 11 16 27 31 39 
0 1 3 11 16 27 39 41 
0 1 3 11 17 21 26 33 
0 1 3 11 17 21 36 43 
0 1 3 11 17 23 36 41 
0 1 3 11 17 33 37 38 
0 1 3 11 18 23 32 42 
0 1 3 11 19 33 36 40 
0 1 3 11 19 33 39 43 
0 1 3 11 19 34 35 39 
0 1 3 11 19 34 39 43 
0 1 3 11 20 27 32 42 
0 1 3 11 20 27 33 41 
0 1 3 11 20 29 41 42 
0 1 3 11 20 30 35 42 
0 1 3 11 21 30 34 39 
0 1 3 11 23 29 32 41 
0 1 3 11 24 29 38 44 
0 1 3 11 24 30 39 44 
0 1 3 11 26 27 31 39 
0 1 3 11 26 27 39 41 
0 1 3 11 26 29 32 41 
0 1 3 11 26 32 39 44 
0 1 3 11 27 31 33 40 
0 1 3 11 27 31 34 40 
0 1 3 12 13 18 34 38 
0 1 3 12 13 19 33 41 
0 1 3 12 14 18 38 41 
0 1 3 12 14 19 22 42 
0 1 3 12 14 20 35 41 
0 1 3 12 14 22 41 42 
0 1 3 12 15 16 21 38 
0 1 3 12 15 16 22 40 
0 1 3 12 15 17 19 25 
0 1 3 12 15 19 20 25 
0 1 3 12 15 19 25 40 
0 1 3 12 15 19 35 40 
0 1 3 12 15 20 38 44 
0 1 3 12 15 22 40 44 
0 1 3 12 16 17 18 38 
0 1 3 12 16 19 26 40 
0 1 3 12 16 21 31 39 
0 1 3 12 16 21 32 38 
0 1 3 12 16 26 39 40 
0 1 3 12 16 31 36 39 
0 1 3 12 17 18 22 25 
0 1 3 12 17 20 24 30 
0 1 3 12 17 20 35 41 
0 1 3 12 17 23 38 44 
0 1 3 12 17 27 35 42 
0 1 3 12 17 35 38 42 
0 1 3 12 18 20 31 41 
0 1 3 12 18 33 34 38 
0 1 3 12 19 23 33 40 
0 1 3 12 19 32 40 42 
0 1 3 12 19 34 40 44 
0 1 3 12 20 21 35 41 
0 1 3 12 20 27 32 42 
0 1 3 12 20 27 35 41 
0 1 3 12 23 25 31 41 
0 1 3 12 25 29 39 40 
0 1 3 12 25 31 39 41 
0 1 3 12 26 30 33 40 
0 1 3 12 27 28 35 41 
0 1 3 12 28 33 34 38 
0 1 3 13 14 16 22 41 
0 1 3 13 15 19 20 37 
0 1 3 13 15 20 24 40 
0 1 3 13 15 20 37 42 
0 1 3 13 15 21 37 41 
0 1 3 13 15 24 40 41 
0 1 3 13 15 29 36 40 
0 1 3 13 16 22 30 41 
0 1 3 13 17 18 24 26 
0 1 3 13 17 18 24 37 
0 1 3 13 17 18 37 39 
0 1 3 13 17 20 22 28 
0 1 3 13 17 21 22 28 
0 1 3 13 17 22 28 38 
0 1 3 13 17 22 33 40 
0 1 3 13 18 22 24 38 
0 1 3 13 19 22 33 41 
0 1 3 13 19 24 28 38 
0 1 3 13 19 24 33 41 
0 1 3 13 19 33 37 41 
0 1 3 13 20 24 31 40 
0 1 3 13 20 27 37 42 
0 1 3 13 20 28 37 42 
0 1 3 13 20 31 37 42 
0 1 3 13 21 26 32 41 
0 1 3 13 21 28 39 44 
0 1 3 13 21 30 35 39 
0 1 3 13 23 30 37 42 
0 1 3 13 25 29 39 40 
0 1 3 13 26 30 31 37 
0 1 3 13 26 30 32 37 
0 1 3 13 26 30 34 39 
0 1 3 13 26 30 37 40 
0 1 3 14 15 24 40 41 
0 1 3 14 17 21 36 40 
0 1 3 14 17 23 33 41 
0 1 3 14 18 21 30 40 
0 1 3 14 18 30 39 40 
0 1 3 14 19 21 36 40 
0 1 3 14 19 23 33 40 
0 1 3 14 19 36 38 44 
0 1 3 14 20 21 36 40 
0 1 3 14 20 33 36 41 
0 1 3 14 20 36 41 44 
0 1 3 14 21 29 36 40 
0 1 3 14 22 29 39 41 
0 1 3 14 22 32 39 44 
0 1 3 14 23 29 38 41 
0 1 3 14 24 26 32 41 
0 1 3 14 24 28 31 40 
0 1 3 14 24 28 33 40 
0 1 3 14 24 28 39 40 
0 1 3 14 26 35 41 43 
0 1 3 15 16 35 39 43 
0 1 3 15 17 35 37 41 
0 1 3 15 17 35 39 43 
0 1 3 15 19 25 32 37 
0 1 3 15 20 24 30 37 
0 1 3 15 20 35 38 44 
0 1 3 15 21 29 34 38 
0 1 3 15 21 32 38 41 
0 1 3 15 22 28 32 37 
0 1 3 15 22 30 35 39 
0 1 3 15 22 31 35 40 
0 1 3 15 22 32 37 42 
0 1 3 15 23 27 32 38 
0 1 3 15 27 31 38 40 
0 1 3 15 27 37 40 44 
0 1 3 16 19 31 37 41 
0 1 3 16 20 24 34 39 
0 1 3 16 20 30 37 42 
0 1 3 16 20 32 37 38 
0 1 3 16 21 27 31 39 
0 1 3 16 22 26 34 39 
0 1 3 16 22 29 36 40 
0 1 3 16 22 33 36 40 
0 1 3 16 24 31 36 42 
0 1 3 16 26 27 31 39 
0 1 3 16 26 32 37 44 
0 1 3 16 27 31 36 39 
0 1 3 16 27 31 39 41 
0 1 3 16 28 37 38 42 
0 1 3 17 21 23 28 36 
0 1 3 17 21 26 32 38 
0 1 3 17 21 28 30 40 
0 1 3 17 25 29 30 36 
0 1 3 17 25 30 32 36 
0 1 3 17 25 30 36 41 
0 1 3 17 26 33 35 41 
0 1 3 17 26 33 38 44 
0 1 3 17 26 34 35 41 
0 1 3 17 26 35 38 41 
0 1 3 17 27 33 37 40 
0 1 3 18 22 24 33 38 
0 1 3 18 23 33 37 39 
0 1 3 18 23 35 37 39 
0 1 3 18 24 29 33 38 
0 1 3 18 24 32 36 43 
0 1 3 18 25 31 37 41 
0 1 3 18 25 32 37 42 
0 1 3 18 26 34 35 39 
0 1 3 18 26 34 38 39 
0 1 3 18 26 34 39 44 
0 1 3 18 27 34 38 40 
0 1 3 19 20 25 34 38 
0 1 3 19 23 33 37 40 
0 1 3 19 24 31 35 39 
0 1 3 19 25 29 34 38 
0 1 3 19 25 32 36 40 
0 1 3 19 25 33 36 40 
0 1 3 19 25 33 36 41 
0 1 3 19 26 31 35 40 
0 1 3 19 26 33 37 43 
0 1 3 20 22 33 36 40 
0 1 3 20 23 27 32 38 
0 1 3 20 24 30 32 37 
0 1 3 20 24 30 32 41 
0 1 3 20 27 32 37 42 
0 1 3 21 23 29 34 38 
0 1 3 21 23 30 34 40 
0 1 3 21 23 33 37 40 
0 1 3 21 26 28 32 36 
0 1 3 21 26 29 32 36 
0 1 3 21 26 29 33 35 
0 1 3 21 26 29 35 41 
0 1 3 21 26 30 32 38 
0 1 3 21 26 31 33 37 
0 1 3 21 26 32 36 38 
0 1 3 21 26 32 38 41 
0 1 3 21 29 32 39 44 
0 1 3 21 29 34 38 44 
0 1 3 21 29 34 39 44 
0 1 3 21 29 35 41 44 
0 1 3 22 24 28 33 38 
0 1 3 22 25 28 32 37 
0 1 3 22 28 29 33 36 
0 1 3 22 28 30 36 41 
0 1 3 22 28 32 33 41 
0 1 3 22 28 32 36 43 
0 1 3 22 28 32 37 44 
0 1 3 22 28 33 38 42 
0 1 3 22 30 31 35 42 
0 1 3 23 27 32 38 44 
0 1 3 25 27 29 39 40 
0 1 3 25 27 31 32 37 
0 1 3 25 27 32 34 42 
0 1 3 25 27 32 37 42 
0 1 3 25 28 29 33 39 
0 1 3 26 27 29 35 41 
0 1 4 5 6 14 27 34 
0 1 4 5 6 19 29 38 
0 1 4 5 7 15 24 33 
0 1 4 5 7 16 18 26 
0 1 4 5 8 28 34 36 
0 1 4 5 9 11 20 32 
0 1 4 5 9 11 31 33 
0 1 4 5 11 17 19 26 
0 1 4 5 12 14 20 22 
0 1 4 5 12 14 20 28 
0 1 4 5 12 14 21 27 
0 1 4 5 12 14 23 29 
0 1 4 5 12 21 31 44 
0 1 4 5 12 28 30 36 
0 1 4 5 14 16 22 42 
0 1 4 5 14 20 22 38 
0 1 4 5 15 17 23 24 
0 1 4 5 16 23 36 44 
0 1 4 5 17 19 39 41 
0 1 4 5 17 26 35 43 
0 1 4 5 18 30 39 41 
0 1 4 5 21 27 36 38 
0 1 4 5 22 30 36 38 
0 1 4 5 23 29 36 38 
0 1 4 5 24 31 33 39 
0 1 4 5 24 32 34 43 
0 1 4 5 26 27 33 35 
0 1 4 5 28 30 36 38 
0 1 4 6 7 15 17 27 
0 1 4 6 7 17 27 37 
0 1 4 6 7 22 32 40 
0 1 4 6 8 19 20 29 
0 1 4 6 8 19 29 37 
0 1 4 6 8 24 34 37 
0 1 4 6 9 20 22 39 
0 1 4 6 10 14 21 33 
0 1 4 6 10 26 31 38 
0 1 4 6 11 13 20 28 
0 1 4 6 11 13 21 27 
0 1 4 6 11 16 25 33 
0 1 4 6 11 16 29 37 
0 1 4 6 11 17 22 37 
0 1 4 6 11 21 24 37 
0 1 4 6 11 21 33 37 
0 1 4 6 11 25 33 34 
0 1 4 6 11 29 32 41 
0 1 4 6 12 15 22 32 
0 1 4 6 12 19 21 35 
0 1 4 6 12 22 32 42 
0 1 4 6 12 28 32 42 
0 1 4 6 12 29 31 36 
0 1 4 6 13 14 24 30 
0 1 4 6 13 16 21 27 
0 1 4 6 13 16 24 30 
0 1 4 6 13 16 24 32 
0 1 4 6 13 16 27 41 
0 1 4 6 13 17 21 27 
0 1 4 6 13 19 21 35 
0 1 4 6 13 20 28 35 
0 1 4 6 13 20 28 38 
0 1 4 6 13 20 28 39 
0 1 4 6 13 21 22 32 
0 1 4 6 13 21 27 35 
0 1 4 6 13 21 35 39 
0 1 4 6 13 21 35 40 
0 1 4 6 14 15 22 34 
0 1 4 6 14 17 24 36 
0 1 4 6 14 18 27 34 
0 1 4 6 14 21 32 37 
0 1 4 6 14 27 34 43 
0 1 4 6 14 28 30 39 
0 1 4 6 14 29 33 38 
0 1 4 6 15 19 23 39 
0 1 4 6 15 20 28 39 
0 1 4 6 15 22 23 35 
0 1 4 6 15 23 28 35 
0 1 4 6 15 27 28 35 
0 1 4 6 16 18 25 38 
0 1 4 6 16 18 27 38 
0 1 4 6 16 18 37 38 
0 1 4 6 16 18 38 42 
0 1 4 6 16 20 37 38 
0 1 4 6 16 26 33 37 
0 1 4 6 16 28 35 36 
0 1 4 6 17 24 32 36 
0 1 4 6 17 24 36 37 
0 1 4 6 17 24 36 38 
0 1 4 6 17 27 30 37 
0 1 4 6 17 27 34 37 
0 1 4 6 17 27 37 42 
0 1 4 6 17 30 31 39 
0 1 4 6 18 25 36 41 
0 1 4 6 18 30 38 40 
0 1 4 6 19 20 28 39 
0 1 4 6 19 29 30 37 
0 1 4 6 20 28 36 39 
0 1 4 6 21 26 37 39 
0 1 4 6 21 27 34 37 
0 1 4 6 21 27 37 38 
0 1 4 6 22 26 37 39 
0 1 4 6 22 32 34 42 
0 1 4 6 23 24 33 38 
0 1 4 6 23 31 35 44 
0 1 4 6 24 30 34 37 
0 1 4 6 24 30 37 41 
0 1 4 6 24 32 39 40 
0 1 4 7 9 18 20 30 
0 1 4 7 9 19 30 32 
0 1 4 7 9 20 21 31 
0 1 4 7 9 20 22 32 
0 1 4 7 9 20 24 34 
0 1 4 7 9 22 32 33 
0 1 4 7 9 24 35 36 
0 1 4 7 12 14 21 30 
0 1 4 7 12 20 21 22 
0 1 4 7 12 29 31 36 
0 1 4 7 12 30 32 36 
0 1 4 7 13 15 25 30 
0 1 4 7 15 17 19 24 
0 1 4 7 15 17 19 40 
0 1 4 7 15 27 36 44 
0 1 4 7 15 28 30 40 
0 1 4 7 15 29 34 36 
0 1 4 7 16 18 26 31 
0 1 4 7 17 19 32 41 
0 1 4 7 18 20 37 42 
0 1 4 7 19 21 36 41 
0 1 4 7 19 22 35 44 
0 1 4 7 19 24 35 37 
0 1 4 7 19 24 36 38 
0 1 4 7 19 30 32 40 
0 1 4 7 20 22 32 41 
0 1 4 7 20 29 31 41 
0 1 4 7 20 29 34 44 
0 1 4 7 21 26 34 36 
0 1 4 7 21 26 37 39 
0 1 4 7 21 30 34 44 
0 1 4 7 22 24 36 41 
0 1 4 7 23 32 34 44 
0 1 4 7 24 31 33 41 
0 1 4 8 9 18 30 43 
0 1 4 8 9 20 22 39 
0 1 4 8 10 15 29 33 
0 1 4 8 10 15 33 36 
0 1 4 8 10 19 24 36 
0 1 4 8 10 19 28 33 
0 1 4 8 10 20 31 36 
0 1 4 8 10 21 26 41 
0 1 4 8 10 22 29 40 
0 1 4 8 10 28 30 41 
0 1 4 8 11 26 28 40 
0 1 4 8 11 29 34 43 
0 1 4 8 12 14 23 28 
0 1 4 8 12 30 32 40 
0 1 4 8 13 18 24 43 
0 1 4 8 13 19 21 35 
0 1 4 8 13 19 27 29 
0 1 4 8 13 19 29 31 
0 1 4 8 13 22 24 39 
0 1 4 8 13 28 30 39 
0 1 4 8 14 19 21 37 
0 1 4 8 14 20 31 44 
0 1 4 8 14 23 25 41 
0 1 4 8 14 32 34 37 
0 1 4 8 15 28 30 40 
0 1 4 8 16 18 21 27 
0 1 4 8 17 19 39 41 
0 1 4 8 18 19 20 40 
0 1 4 8 18 24 33 44 
0 1 4 8 19 29 31 40 
0 1 4 8 21 30 39 41 
0 1 4 8 28 30 33 39 
0 1 4 8 28 30 35 40 
0 1 4 8 28 30 39 40 
0 1 4 8 28 30 39 41 
0 1 4 8 28 30 40 42 
0 1 4 8 28 31 34 44 
0 1 4 9 10 21 23 39 
0 1 4 9 10 24 36 38 
0 1 4 9 10 29 31 42 
0 1 4 9 11 15 26 33 
0 1 4 9 11 17 34 35 
0 1 4 9 11 18 24 30 
0 1 4 9 11 19 33 39 
0 1 4 9 11 21 27 41 
0 1 4 9 11 23 24 29 
0 1 4 9 11 24 28 40 
0 1 4 9 11 26 32 38 
0 1 4 9 11 31 33 37 
0 1 4 9 12 26 28 39 
0 1 4 9 12 30 32 39 
0 1 4 9 13 15 28 38 
0 1 4 9 14 16 21 27 
0 1 4 9 14 16 28 39 
0 1 4 9 14 19 21 43 
0 1 4 9 14 19 26 43 
0 1 4 9 14 21 28 43 
0 1 4 9 14 24 31 43 
0 1 4 9 14 24 42 43 
0 1 4 9 14 26 38 44 
0 1 4 9 15 16 26 28 
0 1 4 9 15 17 24 27 
0 1 4 9 15 17 24 36 
0 1 4 9 15 20 22 32 
0 1 4 9 15 21 28 44 
0 1 4 9 15 25 27 32 
0 1 4 9 15 26 28 38 
0 1 4 9 15 26 33 35 
0 1 4 9 15 26 33 43 
0 1 4 9 15 26 33 44 
0 1 4 9 15 26 36 38 
0 1 4 9 15 27 29 36 
0 1 4 9 15 28 38 40 
0 1 4 9 16 20 22 32 
0 1 4 9 16 23 33 43 
0 1 4 9 16 26 30 43 
0 1 4 9 18 20 32 39 
0 1 4 9 18 26 33 43 
0 1 4 9 19 21 25 32 
0 1 4 9 19 21 32 38 
0 1 4 9 19 25 32 34 
0 1 4 9 19 26 33 43 
0 1 4 9 19 29 40 42 
0 1 4 9 19 29 42 43 
0 1 4 9 20 22 32 39 
0 1 4 9 20 22 34 39 
0 1 4 9 20 30 32 38 
0 1 4 9 20 31 37 44 
0 1 4 9 21 23 32 39 
0 1 4 9 21 23 34 39 
0 1 4 9 21 30 32 39 
0 1 4 9 22 29 35 37 
0 1 4 9 24 29 36 43 
0 1 4 9 25 31 42 44 
0 1 4 9 26 28 39 42 
0 1 4 9 26 31 33 43 
0 1 4 9 28 32 34 38 
0 1 4 10 11 12 27 32 
0 1 4 10 11 30 32 37 
0 1 4 10 12 17 19 24 
0 1 4 10 12 17 24 27 
0 1 4 10 12 17 24 30 
0 1 4 10 12 17 24 31 
0 1 4 10 12 17 26 31 
0 1 4 10 12 17 31 32 
0 1 4 10 12 17 31 35 
0 1 4 10 12 18 33 38 
0 1 4 10 12 24 29 42 
0 1 4 10 12 25 30 32 
0 1 4 10 13 15 20 37 
0 1 4 10 13 15 22 30 
0 1 4 10 13 15 30 37 
0 1 4 10 13 30 35 37 
0 1 4 10 14 19 21 37 
0 1 4 10 14 20 37 44 
0 1 4 10 14 22 29 44 
0 1 4 10 14 26 38 44 
0 1 4 10 15 17 22 30 
0 1 4 10 15 17 25 27 
0 1 4 10 15 17 34 37 
0 1 4 10 15 17 36 37 
0 1 4 10 15 17 37 41 
0 1 4 10 15 20 22 28 
0 1 4 10 15 22 28 30 
0 1 4 10 15 22 30 32 
0 1 4 10 15 22 30 43 
0 1 4 10 15 26 28 38 
0 1 4 10 15 28 30 37 
0 1 4 10 16 18 21 23 
0 1 4 10 16 21 23 31 
0 1 4 10 16 21 23 37 
0 1 4 10 16 21 23 41 
0 1 4 10 16 23 41 44 
0 1 4 10 16 24 42 44 
0 1 4 10 16 31 36 38 
0 1 4 10 17 22 30 44 
0 1 4 10 17 25 32 44 
0 1 4 10 18 21 23 30 
0 1 4 10 18 23 25 34 
0 1 4 10 18 23 30 44 
0 1 4 10 18 25 33 44 
0 1 4 10 19 21 33 38 
0 1 4 10 20 22 27 35 
0 1 4 10 20 28 33 35 
0 1 4 10 20 31 33 38 
0 1 4 10 21 30 32 37 
0 1 4 10 22 28 30 35 
0 1 4 10 22 29 36 44 
0 1 4 10 23 29 37 44 
0 1 4 10 24 29 37 44 
0 1 4 10 26 27 32 34 
0 1 4 10 26 28 34 41 
0 1 4 10 26 28 38 41 
0 1 4 10 26 31 33 38 
0 1 4 10 26 31 36 38 
0 1 4 10 26 31 38 44 
0 1 4 10 29 31 33 38 
0 1 4 10 30 31 33 38 
0 1 4 10 30 32 34 37 
0 1 4 11 12 17 26 28 
0 1 4 11 12 25 27 40 
0 1 4 11 12 31 33 40 
0 1 4 11 13 16 21 27 
0 1 4 11 13 16 32 38 
0 1 4 11 13 19 25 41 
0 1 4 11 13 19 28 33 
0 1 4 11 13 21 26 27 
0 1 4 11 13 21 26 40 
0 1 4 11 13 21 27 41 
0 1 4 11 13 26 32 40 
0 1 4 11 14 16 31 37 
0 1 4 11 14 32 34 40 
0 1 4 11 15 16 24 43 
0 1 4 11 15 17 22 37 
0 1 4 11 16 17 25 27 
0 1 4 11 16 18 20 24 
0 1 4 11 16 18 24 27 
0 1 4 11 16 18 24 37 
0 1 4 11 16 25 27 33 
0 1 4 11 16 25 38 44 
0 1 4 11 16 26 35 43 
0 1 4 11 16 31 33 37 
0 1 4 11 17 19 22 31 
0 1 4 11 17 19 24 33 
0 1 4 11 17 19 31 40 
0 1 4 11 17 22 35 37 
0 1 4 11 17 25 26 44 
0 1 4 11 17 25 34 44 
0 1 4 11 17 25 40 44 
0 1 4 11 17 26 38 40 
0 1 4 11 19 21 33 40 
0 1 4 11 19 29 34 43 
0 1 4 11 20 29 41 43 
0 1 4 11 21 31 37 44 
0 1 4 11 23 24 38 40 
0 1 4 11 23 25 38 40 
0 1 4 11 23 31 40 44 
0 1 4 11 24 29 31 37 
0 1 4 11 26 28 32 40 
0 1 4 11 26 28 36 40 
0 1 4 11 26 28 40 41 
0 1 4 11 26 32 38 40 
0 1 4 11 26 32 40 44 
0 1 4 11 28 31 33 37 
0 1 4 11 31 32 33 37 
0 1 4 12 14 16 21 27 
0 1 4 12 14 16 39 40 
0 1 4 12 14 17 21 27 
0 1 4 12 14 19 20 36 
0 1 4 12 14 19 21 43 
0 1 4 12 14 19 24 40 
0 1 4 12 14 19 28 34 
0 1 4 12 14 21 27 41 
0 1 4 12 14 22 29 40 
0 1 4 12 14 24 31 40 
0 1 4 12 14 24 39 40 
0 1 4 12 14 24 40 42 
0 1 4 12 15 17 26 39 
0 1 4 12 15 28 38 40 
0 1 4 12 16 18 23 36 
0 1 4 12 16 25 39 44 
0 1 4 12 17 18 25 27 
0 1 4 12 17 24 26 39 
0 1 4 12 17 26 39 41 
0 1 4 12 18 25 34 44 
0 1 4 12 19 35 40 44 
0 1 4 12 21 26 39 41 
0 1 4 12 21 30 39 44 
0 1 4 12 21 31 37 44 
0 1 4 12 23 25 39 40 
0 1 4 12 23 28 36 43 
0 1 4 12 23 29 31 36 
0 1 4 12 24 26 39 40 
0 1 4 12 26 28 35 41 
0 1 4 12 27 32 36 43 
0 1 4 12 29 31 35 36 
0 1 4 13 14 16 21 27 
0 1 4 13 14 19 21 35 
0 1 4 13 15 16 21 39 
0 1 4 13 15 16 23 40 
0 1 4 13 15 21 39 44 
0 1 4 13 15 22 30 40 
0 1 4 13 15 23 39 40 
0 1 4 13 15 30 37 40 
0 1 4 13 16 18 23 24 
0 1 4 13 16 18 24 39 
0 1 4 13 16 18 38 39 
0 1 4 13 16 21 23 27 
0 1 4 13 16 30 38 40 
0 1 4 13 17 19 24 27 
0 1 4 13 17 23 38 44 
0 1 4 13 17 27 38 43 
0 1 4 13 17 35 38 43 
0 1 4 13 18 20 24 28 
0 1 4 13 18 20 35 41 
0 1 4 13 19 21 26 35 
0 1 4 13 19 27 29 34 
0 1 4 13 20 22 35 41 
0 1 4 13 20 31 41 43 
0 1 4 13 20 35 37 40 
0 1 4 13 21 28 39 44 
0 1 4 13 22 32 38 43 
0 1 4 13 23 24 29 31 
0 1 4 13 23 24 38 40 
0 1 4 13 23 28 38 44 
0 1 4 13 24 29 31 39 
0 1 4 13 24 30 38 40 
0 1 4 13 26 28 38 44 
0 1 4 13 27 28 33 35 
0 1 4 13 27 28 38 43 
0 1 4 13 27 28 38 44 
0 1 4 13 27 29 34 35 
0 1 4 14 15 19 21 37 
0 1 4 14 15 20 22 37 
0 1 4 14 16 18 38 40 
0 1 4 14 16 21 27 37 
0 1 4 14 16 22 29 40 
0 1 4 14 17 19 25 26 
0 1 4 14 17 26 38 44 
0 1 4 14 18 30 38 40 
0 1 4 14 18 30 39 41 
0 1 4 14 18 33 38 40 
0 1 4 14 18 34 37 39 
0 1 4 14 18 34 38 40 
0 1 4 14 18 34 40 42 
0 1 4 14 19 21 25 37 
0 1 4 14 19 26 34 43 
0 1 4 14 19 26 35 43 
0 1 4 14 19 26 37 43 
0 1 4 14 19 34 42 43 
0 1 4 14 20 22 29 34 
0 1 4 14 20 26 37 44 
0 1 4 14 20 31 37 44 
0 1 4 14 20 37 38 44 
0 1 4 14 23 28 35 43 
0 1 4 14 23 31 38 43 
0 1 4 14 24 34 40 42 
0 1 4 14 24 34 41 43 
0 1 4 14 26 29 38 44 
0 1 4 14 27 29 33 38 
0 1 4 15 17 27 38 40 
0 1 4 15 17 36 37 42 
0 1 4 15 20 22 32 40 
0 1 4 15 20 28 37 39 
0 1 4 15 20 28 38 40 
0 1 4 15 20 32 36 38 
0 1 4 15 20 33 37 39 
0 1 4 15 21 23 33 40 
0 1 4 15 21 26 37 39 
0 1 4 15 21 34 37 39 
0 1 4 15 22 28 30 40 
0 1 4 15 23 25 33 40 
0 1 4 15 23 28 30 40 
0 1 4 15 23 31 36 43 
0 1 4 15 23 33 40 44 
0 1 4 15 24 33 38 43 
0 1 4 15 24 33 39 41 
0 1 4 15 25 30 37 43 
0 1 4 15 28 30 37 40 
0 1 4 15 28 30 38 40 
0 1 4 16 17 22 36 38 
0 1 4 16 19 29 38 43 
0 1 4 16 21 35 36 43 
0 1 4 16 22 32 34 41 
0 1 4 16 24 33 38 43 
0 1 4 16 26 28 35 41 
0 1 4 16 26 31 33 37 
0 1 4 16 26 31 37 44 
0 1 4 16 26 32 37 44 
0 1 4 16 28 30 39 41 
0 1 4 17 18 30 38 40 
0 1 4 17 18 34 37 39 
0 1 4 17 19 25 34 39 
0 1 4 17 22 34 36 42 
0 1 4 17 23 34 37 44 
0 1 4 17 24 30 35 37 
0 1 4 17 25 27 34 39 
0 1 4 17 25 34 39 43 
0 1 4 17 25 34 39 44 
0 1 4 17 26 33 35 41 
0 1 4 17 27 29 32 38 
0 1 4 18 24 27 32 34 
0 1 4 18 24 29 36 44 
0 1 4 18 24 29 37 39 
0 1 4 18 24 30 35 37 
0 1 4 18 24 33 38 43 
0 1 4 18 24 34 37 39 
0 1 4 18 24 34 37 44 
0 1 4 18 25 30 38 40 
0 1 4 18 26 30 39 41 
0 1 4 18 26 34 36 39 
0 1 4 18 26 34 37 39 
0 1 4 18 26 34 39 43 
0 1 4 18 30 39 41 43 
0 1 4 19 24 30 36 38 
0 1 4 19 24 35 36 43 
0 1 4 19 24 36 38 40 
0 1 4 19 27 29 33 40 
0 1 4 19 28 33 39 41 
0 1 4 19 29 34 42 43 
0 1 4 20 21 31 37 44 
0 1 4 20 22 28 35 40 
0 1 4 20 22 29 35 41 
0 1 4 20 22 32 37 38 
0 1 4 20 26 28 33 35 
0 1 4 20 27 31 37 44 
0 1 4 20 27 33 35 44 
0 1 4 20 28 31 36 43 
0 1 4 21 23 34 37 39 
0 1 4 21 24 26 31 37 
0 1 4 21 26 31 33 37 
0 1 4 21 26 31 37 39 
0 1 4 21 26 31 37 44 
0 1 4 21 27 30 32 37 
0 1 4 21 27 32 34 37 
0 1 4 21 30 31 38 43 
0 1 4 22 26 30 32 37 
0 1 4 22 26 31 33 39 
0 1 4 22 27 29 35 37 
0 1 4 22 29 30 34 36 
0 1 4 22 29 30 35 37 
0 1 4 22 29 31 35 41 
0 1 4 22 29 35 37 41 
0 1 4 22 29 35 41 44 
0 1 4 23 24 28 37 39 
0 1 4 24 27 32 33 34 
0 1 4 24 27 32 34 40 
0 1 4 24 27 32 34 43 
0 1 4 24 28 30 33 38 
0 1 4 24 28 30 35 36 
0 1 4 24 28 30 35 37 
0 1 4 24 28 33 35 43 
0 1 4 24 28 33 38 43 
0 1 4 24 29 34 42 43 
0 1 4 24 30 31 33 41 
0 1 4 24 30 32 41 42 
0 1 4 26 28 29 35 41 
0 1 4 26 28 33 34 35 
0 1 4 26 28 33 35 41 
0 1 4 26 28 33 35 43 
0 1 5 6 7 27 34 37 
0 1 5 6 8 11 24 36 
0 1 5 6 8 18 20 29 
0 1 5 6 8 19 20 29 
0 1 5 6 9 16 31 33 
0 1 5 6 13 31 34 36 
0 1 5 6 14 16 23 26 
0 1 5 6 14 17 24 44 
0 1 5 6 15 17 20 38 
0 1 5 6 15 27 40 43 
0 1 5 6 18 20 35 42 
0 1 5 6 22 31 32 43 
0 1 5 6 22 31 33 43 
0 1 5 6 25 28 35 37 
0 1 5 7 8 19 20 29 
0 1 5 7 9 16 19 29 
0 1 5 7 9 18 21 31 
0 1 5 7 9 19 22 30 
0 1 5 7 9 19 22 34 
0 1 5 7 9 19 30 33 
0 1 5 7 9 20 23 33 
0 1 5 7 9 21 24 34 
0 1 5 7 9 21 32 35 
0 1 5 7 10 15 21 33 
0 1 5 7 10 15 26 33 
0 1 5 7 10 15 27 39 
0 1 5 7 10 15 32 34 
0 1 5 7 10 18 21 33 
0 1 5 7 10 18 21 40 
0 1 5 7 10 18 24 30 
0 1 5 7 10 18 26 40 
0 1 5 7 10 18 30 31 
0 1 5 7 10 20 28 34 
0 1 5 7 10 21 25 33 
0 1 5 7 10 21 33 37 
0 1 5 7 10 23 31 35 
0 1 5 7 10 25 33 36 
0 1 5 7 10 25 33 39 
0 1 5 7 10 25 33 41 
0 1 5 7 10 27 31 39 
0 1 5 7 10 29 32 40 
0 1 5 7 10 29 32 44 
0 1 5 7 11 14 23 31 
0 1 5 7 11 15 24 27 
0 1 5 7 11 15 33 36 
0 1 5 7 13 16 22 32 
0 1 5 7 13 18 27 42 
0 1 5 7 13 22 31 42 
0 1 5 7 14 17 20 28 
0 1 5 7 14 17 25 40 
0 1 5 7 14 17 27 35 
0 1 5 7 14 24 34 37 
0 1 5 7 14 29 32 40 
0 1 5 7 15 18 21 27 
0 1 5 7 15 18 24 30 
0 1 5 7 15 18 24 40 
0 1 5 7 15 18 27 29 
0 1 5 7 15 18 27 31 
0 1 5 7 15 18 27 36 
0 1 5 7 15 18 31 40 
0 1 5 7 15 19 30 43 
0 1 5 7 15 21 24 34 
0 1 5 7 15 21 34 43 
0 1 5 7 15 25 28 34 
0 1 5 7 15 27 39 43 
0 1 5 7 15 29 32 41 
0 1 5 7 15 30 33 39 
0 1 5 7 16 17 20 38 
0 1 5 7 16 18 30 42 
0 1 5 7 16 18 38 42 
0 1 5 7 16 19 21 29 
0 1 5 7 16 19 27 29 
0 1 5 7 16 19 29 44 
0 1 5 7 16 20 28 42 
0 1 5 7 16 21 24 34 
0 1 5 7 16 25 35 38 
0 1 5 7 16 25 38 42 
0 1 5 7 16 28 32 42 
0 1 5 7 16 28 33 36 
0 1 5 7 16 28 41 42 
0 1 5 7 17 19 20 28 
0 1 5 7 17 20 28 36 
0 1 5 7 17 23 26 37 
0 1 5 7 17 24 32 43 
0 1 5 7 17 28 31 37 
0 1 5 7 18 21 37 40 
0 1 5 7 19 20 35 43 
0 1 5 7 19 22 35 44 
0 1 5 7 19 26 29 37 
0 1 5 7 19 30 35 43 
0 1 5 7 20 23 31 40 
0 1 5 7 20 24 34 37 
0 1 5 7 20 25 34 42 
0 1 5 7 20 29 32 40 
0 1 5 7 20 29 34 42 
0 1 5 7 20 29 35 38 
0 1 5 7 21 24 32 36 
0 1 5 7 21 24 34 37 
0 1 5 7 22 25 33 36 
0 1 5 7 22 32 38 41 
0 1 5 7 23 24 32 35 
0 1 5 7 23 26 33 37 
0 1 5 7 23 26 35 37 
0 1 5 7 23 26 37 40 
0 1 5 7 23 31 32 35 
0 1 5 7 24 32 34 37 
0 1 5 7 24 32 35 36 
0 1 5 7 24 32 36 39 
0 1 5 7 25 30 33 36 
0 1 5 7 27 29 38 42 
0 1 5 7 27 29 41 42 
0 1 5 7 29 31 32 40 
0 1 5 8 9 11 24 36 
0 1 5 8 9 15 32 34 
0 1 5 8 10 15 21 27 
0 1 5 8 10 15 28 34 
0 1 5 8 10 16 22 35 
0 1 5 8 10 20 31 37 
0 1 5 8 10 21 22 40 
0 1 5 8 10 22 29 35 
0 1 5 8 11 17 30 32 
0 1 5 8 11 20 22 40 
0 1 5 8 11 20 29 43 
0 1 5 8 11 23 25 37 
0 1 5 8 11 24 26 36 
0 1 5 8 11 24 36 38 
0 1 5 8 11 29 31 44 
0 1 5 8 12 14 28 38 
0 1 5 8 13 19 21 36 
0 1 5 8 13 28 34 36 
0 1 5 8 13 28 34 44 
0 1 5 8 14 16 22 26 
0 1 5 8 14 16 24 28 
0 1 5 8 14 16 24 41 
0 1 5 8 14 16 26 28 
0 1 5 8 14 16 26 31 
0 1 5 8 14 16 26 36 
0 1 5 8 14 16 28 35 
0 1 5 8 14 16 28 40 
0 1 5 8 14 19 21 31 
0 1 5 8 14 20 25 43 
0 1 5 8 14 20 35 37 
0 1 5 8 14 24 33 35 
0 1 5 8 14 24 39 41 
0 1 5 8 14 25 31 43 
0 1 5 8 14 27 29 39 
0 1 5 8 14 30 33 35 
0 1 5 8 14 33 35 37 
0 1 5 8 14 34 35 36 
0 1 5 8 15 17 19 40 
0 1 5 8 15 17 26 39 
0 1 5 8 15 17 26 40 
0 1 5 8 15 24 33 44 
0 1 5 8 15 28 34 36 
0 1 5 8 16 18 22 41 
0 1 5 8 16 18 24 36 
0 1 5 8 17 18 20 39 
0 1 5 8 17 19 20 40 
0 1 5 8 17 19 25 40 
0 1 5 8 17 19 30 40 
0 1 5 8 17 23 25 36 
0 1 5 8 17 23 32 43 
0 1 5 8 18 20 30 39 
0 1 5 8 18 20 36 42 
0 1 5 8 18 22 24 33 
0 1 5 8 18 29 30 44 
0 1 5 8 18 30 37 39 
0 1 5 8 18 30 39 44 
0 1 5 8 18 30 42 44 
0 1 5 8 19 20 37 43 
0 1 5 8 19 28 30 40 
0 1 5 8 19 29 31 44 
0 1 5 8 20 22 29 35 
0 1 5 8 20 22 29 40 
0 1 5 8 20 32 37 43 
0 1 5 8 21 27 34 36 
0 1 5 8 21 27 36 38 
0 1 5 8 21 28 34 36 
0 1 5 8 24 26 36 39 
0 1 5 8 24 33 35 39 
0 1 5 8 25 31 35 37 
0 1 5 8 26 31 37 43 
0 1 5 8 28 29 31 40 
0 1 5 8 28 32 34 43 
0 1 5 8 30 32 34 36 
0 1 5 9 11 14 31 38 
0 1 5 9 11 17 24 42 
0 1 5 9 11 18 21 31 
0 1 5 9 11 21 24 38 
0 1 5 9 11 23 26 39 
0 1 5 9 11 23 30 33 
0 1 5 9 11 29 31 43 
0 1 5 9 12 15 26 28 
0 1 5 9 12 15 28 30 
0 1 5 9 12 25 27 40 
0 1 5 9 12 27 29 40 
0 1 5 9 12 27 30 44 
0 1 5 9 12 28 30 44 
0 1 5 9 13 27 33 43 
0 1 5 9 15 21 28 43 
0 1 5 9 15 27 30 43 
0 1 5 9 15 33 35 38 
0 1 5 9 16 18 21 40 
0 1 5 9 16 19 21 22 
0 1 5 9 16 22 40 42 
0 1 5 9 17 19 22 39 
0 1 5 9 19 21 22 39 
0 1 5 9 25 31 33 43 
0 1 5 9 27 29 32 39 
0 1 5 9 28 30 40 43 
0 1 5 9 29 31 36 42 
0 1 5 10 12 13 21 27 
0 1 5 10 12 13 24 30 
0 1 5 10 12 13 30 36 
0 1 5 10 12 24 37 40 
0 1 5 10 12 28 31 37 
0 1 5 10 12 29 32 40 
0 1 5 10 13 15 33 39 
0 1 5 10 13 19 21 28 
0 1 5 10 13 20 28 44 
0 1 5 10 13 21 27 43 
0 1 5 10 13 24 38 40 
0 1 5 10 13 25 27 39 
0 1 5 10 13 26 32 43 
0 1 5 10 13 31 33 39 
0 1 5 10 15 17 23 26 
0 1 5 10 15 26 37 43 
0 1 5 10 16 18 24 43 
0 1 5 10 16 21 29 43 
0 1 5 10 18 24 39 43 
0 1 5 10 18 29 40 43 
0 1 5 10 19 22 37 39 
0 1 5 10 20 34 37 43 
0 1 5 10 21 28 40 42 
0 1 5 10 22 24 39 42 
0 1 5 10 23 29 35 43 
0 1 5 10 25 27 39 42 
0 1 5 10 26 32 35 43 
0 1 5 10 26 32 40 43 
0 1 5 10 26 33 41 44 
0 1 5 10 29 32 35 43 
0 1 5 11 12 14 22 30 
0 1 5 11 12 14 29 37 
0 1 5 11 12 20 29 43 
0 1 5 11 13 18 20 42 
0 1 5 11 13 20 29 42 
0 1 5 11 13 20 29 43 
0 1 5 11 13 21 36 39 
0 1 5 11 13 26 29 36 
0 1 5 11 13 27 30 37 
0 1 5 11 13 31 34 41 
0 1 5 11 14 16 31 38 
0 1 5 11 14 20 22 38 
0 1 5 11 14 21 23 31 
0 1 5 11 14 28 30 38 
0 1 5 11 15 17 24 42 
0 1 5 11 17 18 20 42 
0 1 5 11 17 19 20 24 
0 1 5 11 17 19 20 43 
0 1 5 11 17 20 25 43 
0 1 5 11 17 24 26 42 
0 1 5 11 18 19 34 43 
0 1 5 11 18 20 30 42 
0 1 5 11 18 20 34 42 
0 1 5 11 18 21 36 44 
0 1 5 11 19 26 34 43 
0 1 5 11 19 28 43 44 
0 1 5 11 19 34 36 43 
0 1 5 11 19 34 39 43 
0 1 5 11 20 22 25 38 
0 1 5 11 20 29 38 43 
0 1 5 11 21 24 36 38 
0 1 5 11 22 31 38 43 
0 1 5 11 23 26 37 39 
0 1 5 11 24 26 29 38 
0 1 5 11 24 26 33 42 
0 1 5 11 25 26 34 43 
0 1 5 11 25 28 30 37 
0 1 5 11 26 28 33 42 
0 1 5 11 26 29 34 43 
0 1 5 11 26 32 34 43 
0 1 5 11 26 33 42 44 
0 1 5 11 30 32 33 37 
0 1 5 12 13 15 24 30 
0 1 5 12 13 15 24 40 
0 1 5 12 13 21 40 43 
0 1 5 12 14 17 20 35 
0 1 5 12 14 24 30 42 
0 1 5 12 15 16 18 37 
0 1 5 12 15 18 20 41 
0 1 5 12 15 24 30 32 
0 1 5 12 15 24 32 44 
0 1 5 12 15 31 33 37 
0 1 5 12 15 33 35 41 
0 1 5 12 18 20 21 35 
0 1 5 12 18 20 23 36 
0 1 5 12 18 20 36 42 
0 1 5 12 18 20 36 43 
0 1 5 12 18 21 23 31 
0 1 5 12 18 21 35 37 
0 1 5 12 18 21 36 44 
0 1 5 12 19 35 37 40 
0 1 5 12 22 27 37 43 
0 1 5 12 22 30 41 44 
0 1 5 12 26 27 37 43 
0 1 5 12 27 29 37 43 
0 1 5 12 27 30 36 44 
0 1 5 12 27 33 37 43 
0 1 5 13 14 17 24 44 
0 1 5 13 14 18 24 43 
0 1 5 13 15 16 22 42 
0 1 5 13 15 19 22 30 
0 1 5 13 15 19 22 35 
0 1 5 13 15 21 24 28 
0 1 5 13 15 22 39 42 
0 1 5 13 15 24 40 43 
0 1 5 13 15 27 30 39 
0 1 5 13 16 18 36 39 
0 1 5 13 16 19 26 28 
0 1 5 13 16 19 36 43 
0 1 5 13 16 20 22 32 
0 1 5 13 16 23 25 44 
0 1 5 13 17 20 35 44 
0 1 5 13 18 20 36 39 
0 1 5 13 19 20 22 30 
0 1 5 13 19 20 22 35 
0 1 5 13 19 21 36 39 
0 1 5 13 19 26 35 43 
0 1 5 13 19 30 36 43 
0 1 5 13 19 34 36 39 
0 1 5 13 19 34 41 44 
0 1 5 13 20 23 29 31 
0 1 5 13 20 23 37 39 
0 1 5 13 20 29 40 43 
0 1 5 13 21 36 38 39 
0 1 5 13 21 36 39 41 
0 1 5 13 22 27 33 43 
0 1 5 13 22 32 38 43 
0 1 5 13 23 29 32 43 
0 1 5 13 24 27 33 43 
0 1 5 13 25 28 35 44 
0 1 5 13 26 27 37 43 
0 1 5 13 27 29 30 39 
0 1 5 13 27 29 35 38 
0 1 5 13 27 30 34 36 
0 1 5 13 27 30 37 39 
0 1 5 13 27 33 34 43 
0 1 5 13 29 31 35 38 
0 1 5 14 16 17 24 44 
0 1 5 14 16 19 22 26 
0 1 5 14 16 22 23 26 
0 1 5 14 16 22 26 43 
0 1 5 14 16 26 37 43 
0 1 5 14 17 20 25 27 
0 1 5 14 17 20 35 43 
0 1 5 14 17 23 35 43 
0 1 5 14 17 24 25 44 
0 1 5 14 17 25 40 43 
0 1 5 14 17 31 39 41 
0 1 5 14 17 35 37 43 
0 1 5 14 17 35 39 43 
0 1 5 14 17 35 40 42 
0 1 5 14 20 22 32 43 
0 1 5 14 20 22 35 38 
0 1 5 14 20 25 33 43 
0 1 5 14 21 31 39 43 
0 1 5 14 22 25 38 40 
0 1 5 14 22 34 41 44 
0 1 5 14 23 35 40 43 
0 1 5 14 24 26 39 42 
0 1 5 14 25 28 38 44 
0 1 5 14 27 29 39 42 
0 1 5 15 16 17 37 43 
0 1 5 15 16 18 24 38 
0 1 5 15 17 18 24 26 
0 1 5 15 17 18 26 39 
0 1 5 15 17 18 37 39 
0 1 5 15 17 21 24 32 
0 1 5 15 17 23 26 30 
0 1 5 15 17 23 26 33 
0 1 5 15 17 23 26 39 
0 1 5 15 17 26 39 42 
0 1 5 15 18 29 38 44 
0 1 5 15 18 30 37 39 
0 1 5 15 21 23 34 43 
0 1 5 15 21 34 42 43 
0 1 5 15 22 24 30 33 
0 1 5 15 22 25 31 33 
0 1 5 15 24 32 43 44 
0 1 5 15 25 34 37 43 
0 1 5 15 26 27 37 43 
0 1 5 15 26 28 34 43 
0 1 5 16 18 24 36 39 
0 1 5 16 18 24 36 43 
0 1 5 16 18 30 37 40 
0 1 5 16 18 36 38 42 
0 1 5 16 19 23 25 33 
0 1 5 16 19 25 36 38 
0 1 5 16 19 29 38 44 
0 1 5 16 24 30 33 43 
0 1 5 16 26 28 36 39 
0 1 5 17 19 30 37 40 
0 1 5 17 21 35 37 43 
0 1 5 17 21 36 37 39 
0 1 5 17 22 32 37 43 
0 1 5 17 24 26 32 35 
0 1 5 17 24 32 35 44 
0 1 5 17 25 27 30 39 
0 1 5 17 26 32 40 43 
0 1 5 17 27 30 36 38 
0 1 5 18 20 25 28 34 
0 1 5 18 21 27 36 38 
0 1 5 18 21 35 38 44 
0 1 5 18 28 30 31 39 
0 1 5 19 22 34 37 44 
0 1 5 19 22 35 38 44 
0 1 5 19 25 28 30 38 
0 1 5 19 25 28 33 35 
0 1 5 19 25 28 35 37 
0 1 5 19 25 32 34 42 
0 1 5 19 25 33 35 42 
0 1 5 19 25 35 37 42 
0 1 5 19 28 30 37 40 
0 1 5 19 30 33 40 42 
0 1 5 19 30 36 42 43 
0 1 5 20 22 29 32 40 
0 1 5 20 23 34 37 44 
0 1 5 20 25 27 33 36 
0 1 5 20 25 36 37 43 
0 1 5 20 25 36 38 42 
0 1 5 20 27 29 32 35 
0 1 5 20 27 29 32 40 
0 1 5 20 27 33 36 44 
0 1 5 20 27 34 37 44 
0 1 5 20 28 32 35 44 
0 1 5 20 28 34 37 44 
0 1 5 20 28 34 41 44 
0 1 5 20 29 32 35 43 
0 1 5 20 29 32 40 43 
0 1 5 21 23 32 38 42 
0 1 5 21 24 28 34 36 
0 1 5 21 24 31 33 39 
0 1 5 21 24 32 36 38 
0 1 5 21 26 33 36 44 
0 1 5 21 27 33 35 42 
0 1 5 21 27 33 36 38 
0 1 5 21 27 35 37 38 
0 1 5 21 28 31 34 36 
0 1 5 21 28 35 37 40 
0 1 5 22 26 35 38 40 
0 1 5 22 26 37 38 40 
0 1 5 22 27 30 32 39 
0 1 5 22 30 31 33 40 
0 1 5 22 30 32 38 41 
0 1 5 23 25 30 36 42 
0 1 5 23 30 33 42 44 
0 1 5 24 28 30 38 41 
0 1 5 24 28 32 35 44 
0 1 5 24 30 32 33 43 
0 1 5 26 27 31 37 43 
0 1 5 26 28 30 37 40 
0 1 5 26 28 31 34 41 
0 1 5 26 28 32 34 35 
0 1 6 7 9 13 31 35 
0 1 6 7 9 16 20 28 
0 1 6 7 9 18 22 32 
0 1 6 7 9 18 31 35 
0 1 6 7 9 19 31 35 
0 1 6 7 9 20 24 36 
0 1 6 7 9 20 30 34 
0 1 6 7 9 31 33 35 
0 1 6 7 10 12 30 38 
0 1 6 7 10 14 34 36 
0 1 6 7 10 18 20 22 
0 1 6 7 10 18 20 30 
0 1 6 7 10 18 29 31 
0 1 6 7 10 18 30 32 
0 1 6 7 10 19 21 29 
0 1 6 7 14 22 40 42 
0 1 6 7 16 18 38 42 
0 1 6 7 16 28 32 43 
0 1 6 7 17 19 21 43 
0 1 6 7 17 21 33 43 
0 1 6 7 17 21 34 43 
0 1 6 7 17 21 39 43 
0 1 6 7 18 22 32 43 
0 1 6 7 20 22 34 42 
0 1 6 7 20 30 34 43 
0 1 6 7 21 23 34 42 
0 1 6 7 22 32 34 42 
0 1 6 7 23 31 33 42 
0 1 6 7 24 32 36 43 
0 1 6 7 30 32 34 42 
0 1 6 8 9 20 24 41 
0 1 6 8 9 20 32 36 
0 1 6 8 9 24 34 38 
0 1 6 8 10 11 24 36 
0 1 6 8 10 13 24 25 
0 1 6 8 10 18 31 34 
0 1 6 8 10 19 22 25 
0 1 6 8 10 21 24 34 
0 1 6 8 10 21 24 36 
0 1 6 8 10 22 25 33 
0 1 6 8 10 22 25 35 
0 1 6 8 10 22 25 40 
0 1 6 8 10 22 27 42 
0 1 6 8 10 22 33 36 
0 1 6 8 10 23 32 35 
0 1 6 8 11 15 27 28 
0 1 6 8 11 16 20 29 
0 1 6 8 11 16 33 37 
0 1 6 8 11 18 27 31 
0 1 6 8 11 20 23 24 
0 1 6 8 11 20 24 36 
0 1 6 8 11 20 24 39 
0 1 6 8 11 20 24 41 
0 1 6 8 11 24 32 36 
0 1 6 8 11 26 30 39 
0 1 6 8 11 27 31 44 
0 1 6 8 12 15 24 25 
0 1 6 8 12 15 25 28 
0 1 6 8 12 15 25 30 
0 1 6 8 12 15 25 35 
0 1 6 8 12 15 32 35 
0 1 6 8 12 17 20 30 
0 1 6 8 12 17 32 35 
0 1 6 8 12 19 28 43 
0 1 6 8 12 21 28 31 
0 1 6 8 12 21 35 38 
0 1 6 8 12 23 32 35 
0 1 6 8 12 28 32 42 
0 1 6 8 12 32 35 36 
0 1 6 8 13 28 32 42 
0 1 6 8 14 20 35 42 
0 1 6 8 15 19 31 43 
0 1 6 8 16 17 20 38 
0 1 6 8 16 18 31 42 
0 1 6 8 16 19 20 29 
0 1 6 8 16 19 28 32 
0 1 6 8 16 21 28 42 
0 1 6 8 16 22 33 42 
0 1 6 8 16 28 29 42 
0 1 6 8 16 28 32 42 
0 1 6 8 16 28 40 42 
0 1 6 8 16 30 33 42 
0 1 6 8 17 20 24 30 
0 1 6 8 17 20 26 30 
0 1 6 8 17 21 36 39 
0 1 6 8 17 21 39 43 
0 1 6 8 18 19 22 31 
0 1 6 8 18 22 31 34 
0 1 6 8 18 26 31 42 
0 1 6 8 18 27 31 34 
0 1 6 8 18 31 34 42 
0 1 6 8 18 31 37 42 
0 1 6 8 19 20 23 29 
0 1 6 8 19 29 31 42 
0 1 6 8 19 29 33 36 
0 1 6 8 20 29 35 42 
0 1 6 8 21 23 35 42 
0 1 6 8 21 24 32 36 
0 1 6 8 21 24 32 41 
0 1 6 8 22 23 26 35 
0 1 6 8 22 23 33 42 
0 1 6 8 22 23 35 42 
0 1 6 8 22 26 33 36 
0 1 6 8 22 31 34 35 
0 1 6 8 22 32 33 36 
0 1 6 8 22 33 36 41 
0 1 6 8 23 28 32 35 
0 1 6 8 23 31 32 35 
0 1 6 8 28 30 32 42 
0 1 6 8 28 32 43 44 
0 1 6 8 30 33 34 44 
0 1 6 9 10 13 24 26 
0 1 6 9 10 16 32 34 
0 1 6 9 10 17 19 31 
0 1 6 9 11 13 25 28 
0 1 6 9 11 13 30 31 
0 1 6 9 11 16 20 33 
0 1 6 9 11 18 25 41 
0 1 6 9 11 18 27 31 
0 1 6 9 11 18 31 35 
0 1 6 9 11 26 33 42 
0 1 6 9 11 27 31 44 
0 1 6 9 11 27 34 41 
0 1 6 9 12 16 31 33 
0 1 6 9 13 16 27 29 
0 1 6 9 13 16 32 34 
0 1 6 9 13 19 29 43 
0 1 6 9 13 20 28 30 
0 1 6 9 13 20 28 44 
0 1 6 9 13 20 34 36 
0 1 6 9 13 23 24 25 
0 1 6 9 13 23 25 36 
0 1 6 9 13 23 25 40 
0 1 6 9 13 23 25 43 
0 1 6 9 13 23 27 43 
0 1 6 9 13 24 28 44 
0 1 6 9 13 28 33 44 
0 1 6 9 13 28 34 44 
0 1 6 9 13 31 35 37 
0 1 6 9 14 29 33 44 
0 1 6 9 15 17 19 39 
0 1 6 9 15 34 36 38 
0 1 6 9 16 18 20 22 
0 1 6 9 16 18 20 41 
0 1 6 9 16 18 27 31 
0 1 6 9 16 18 27 41 
0 1 6 9 16 18 31 42 
0 1 6 9 16 20 22 28 
0 1 6 9 16 20 22 33 
0 1 6 9 16 20 22 34 
0 1 6 9 16 20 31 33 
0 1 6 9 16 20 33 43 
0 1 6 9 16 27 29 41 
0 1 6 9 16 27 31 33 
0 1 6 9 16 28 30 41 
0 1 6 9 16 30 32 34 
0 1 6 9 16 31 33 35 
0 1 6 9 16 31 33 42 
0 1 6 9 17 21 32 44 
0 1 6 9 19 21 23 30 
0 1 6 9 19 23 39 43 
0 1 6 9 19 29 33 44 
0 1 6 9 19 29 39 43 
0 1 6 9 20 23 39 41 
0 1 6 9 20 29 33 44 
0 1 6 9 21 28 32 44 
0 1 6 9 21 32 36 38 
0 1 6 9 22 34 36 41 
0 1 6 9 24 26 34 38 
0 1 6 9 24 32 34 38 
0 1 6 9 24 34 38 43 
0 1 6 9 25 28 39 41 
0 1 6 9 25 32 34 36 
0 1 6 9 26 31 33 35 
0 1 6 9 27 31 43 44 
0 1 6 9 28 31 33 35 
0 1 6 9 29 32 33 44 
0 1 6 10 12 13 27 35 
0 1 6 10 12 15 30 38 
0 1 6 10 12 20 23 30 
0 1 6 10 12 28 31 38 
0 1 6 10 13 15 27 35 
0 1 6 10 13 18 29 31 
0 1 6 10 13 20 28 44 
0 1 6 10 13 20 35 37 
0 1 6 10 13 21 27 29 
0 1 6 10 13 21 27 43 
0 1 6 10 13 21 29 31 
0 1 6 10 13 24 26 43 
0 1 6 10 13 24 30 32 
0 1 6 10 13 24 30 43 
0 1 6 10 13 25 27 35 
0 1 6 10 13 26 28 37 
0 1 6 10 13 27 35 43 
0 1 6 10 13 30 32 40 
0 1 6 10 14 17 31 33 
0 1 6 10 14 17 32 34 
0 1 6 10 14 21 27 43 
0 1 6 10 14 23 26 44 
0 1 6 10 17 19 22 37 
0 1 6 10 17 24 30 43 
0 1 6 10 17 25 32 43 
0 1 6 10 17 31 33 43 
0 1 6 10 17 32 34 37 
0 1 6 10 18 20 35 42 
0 1 6 10 18 28 31 44 
0 1 6 10 18 30 33 44 
0 1 6 10 19 22 36 44 
0 1 6 10 19 29 43 44 
0 1 6 10 20 22 35 38 
0 1 6 10 20 27 40 43 
0 1 6 10 21 24 26 38 
0 1 6 10 24 29 32 44 
0 1 6 10 24 35 36 38 
0 1 6 10 25 26 32 43 
0 1 6 10 25 27 32 43 
0 1 6 10 25 29 32 43 
0 1 6 10 26 28 31 39 
0 1 6 10 26 31 33 34 
0 1 6 10 30 32 34 37 
0 1 6 11 13 16 33 37 
0 1 6 11 13 30 33 37 
0 1 6 11 14 21 23 27 
0 1 6 11 15 20 27 43 
0 1 6 11 15 24 31 43 
0 1 6 11 15 24 43 44 
0 1 6 11 16 18 38 42 
0 1 6 11 16 19 23 25 
0 1 6 11 16 20 43 44 
0 1 6 11 16 24 42 44 
0 1 6 11 16 25 39 43 
0 1 6 11 18 22 37 43 
0 1 6 11 18 24 26 42 
0 1 6 11 18 27 41 43 
0 1 6 11 19 27 42 44 
0 1 6 11 20 28 41 44 
0 1 6 11 21 37 39 43 
0 1 6 11 25 33 40 42 
0 1 6 11 25 34 41 43 
0 1 6 11 27 31 34 43 
0 1 6 11 29 32 36 44 
0 1 6 12 14 16 19 36 
0 1 6 12 14 19 22 42 
0 1 6 12 14 29 32 36 
0 1 6 12 14 32 35 42 
0 1 6 12 15 19 21 29 
0 1 6 12 15 19 35 43 
0 1 6 12 16 21 38 43 
0 1 6 12 16 23 25 43 
0 1 6 12 23 27 36 43 
0 1 6 12 25 29 36 43 
0 1 6 12 25 35 42 43 
0 1 6 12 28 32 36 43 
0 1 6 13 15 16 24 41 
0 1 6 13 15 16 34 38 
0 1 6 13 15 17 25 28 
0 1 6 13 15 19 35 43 
0 1 6 13 15 34 35 42 
0 1 6 13 16 17 35 37 
0 1 6 13 16 20 34 43 
0 1 6 13 16 24 42 44 
0 1 6 13 16 33 35 37 
0 1 6 13 17 19 27 42 
0 1 6 13 17 20 35 37 
0 1 6 13 17 20 36 38 
0 1 6 13 17 20 36 44 
0 1 6 13 17 32 35 37 
0 1 6 13 17 35 37 43 
0 1 6 13 18 22 32 43 
0 1 6 13 19 34 42 44 
0 1 6 13 21 23 31 42 
0 1 6 13 23 25 31 42 
0 1 6 13 23 27 32 43 
0 1 6 13 23 27 34 43 
0 1 6 13 23 31 42 44 
0 1 6 13 24 29 33 43 
0 1 6 13 25 27 35 42 
0 1 6 13 25 29 36 43 
0 1 6 14 15 17 39 41 
0 1 6 14 16 18 22 25 
0 1 6 14 16 18 25 28 
0 1 6 14 16 21 25 28 
0 1 6 14 16 23 26 27 
0 1 6 14 16 25 28 32 
0 1 6 14 16 27 39 42 
0 1 6 14 16 33 36 40 
0 1 6 14 16 34 38 42 
0 1 6 14 17 18 36 38 
0 1 6 14 17 19 26 41 
0 1 6 14 17 21 23 33 
0 1 6 14 17 21 24 26 
0 1 6 14 17 24 26 30 
0 1 6 14 17 24 26 41 
0 1 6 14 17 26 39 41 
0 1 6 14 17 32 39 41 
0 1 6 14 17 34 36 41 
0 1 6 14 17 36 39 41 
0 1 6 14 18 20 35 42 
0 1 6 14 18 21 35 37 
0 1 6 14 18 21 35 44 
0 1 6 14 18 25 36 43 
0 1 6 14 19 34 41 43 
0 1 6 14 20 33 35 42 
0 1 6 14 24 26 31 42 
0 1 6 14 24 31 42 43 
0 1 6 14 24 34 39 43 
0 1 6 14 24 39 40 42 
0 1 6 14 26 28 31 35 
0 1 6 14 26 29 33 35 
0 1 6 14 27 30 34 36 
0 1 6 15 16 26 39 43 
0 1 6 15 17 18 38 41 
0 1 6 15 17 27 38 42 
0 1 6 15 17 34 35 38 
0 1 6 15 18 22 26 28 
0 1 6 15 18 22 32 43 
0 1 6 15 18 22 35 37 
0 1 6 15 18 34 36 38 
0 1 6 15 19 26 27 29 
0 1 6 15 21 34 42 44 
0 1 6 15 22 26 33 43 
0 1 6 15 22 32 34 42 
0 1 6 15 23 26 39 41 
0 1 6 15 24 33 41 44 
0 1 6 15 27 29 35 42 
0 1 6 15 27 37 40 44 
0 1 6 15 28 31 39 41 
0 1 6 16 18 23 31 42 
0 1 6 16 18 24 27 31 
0 1 6 16 18 24 31 42 
0 1 6 16 18 25 29 43 
0 1 6 16 18 27 38 41 
0 1 6 16 18 31 38 42 
0 1 6 16 18 31 39 42 
0 1 6 16 18 34 37 38 
0 1 6 16 24 27 31 33 
0 1 6 16 24 31 33 42 
0 1 6 16 25 28 32 43 
0 1 6 16 26 37 39 43 
0 1 6 16 27 29 38 41 
0 1 6 17 19 34 37 41 
0 1 6 17 20 24 36 38 
0 1 6 17 21 24 36 38 
0 1 6 17 24 26 38 41 
0 1 6 17 24 30 32 42 
0 1 6 17 24 32 34 42 
0 1 6 17 24 32 41 44 
0 1 6 17 24 32 42 44 
0 1 6 17 24 36 38 42 
0 1 6 18 20 35 38 42 
0 1 6 18 22 25 35 37 
0 1 6 18 22 25 36 38 
0 1 6 18 22 32 36 43 
0 1 6 18 22 35 37 38 
0 1 6 18 22 35 37 42 
0 1 6 18 30 32 38 41 
0 1 6 18 30 37 41 43 
0 1 6 19 20 32 36 43 
0 1 6 19 21 34 35 42 
0 1 6 19 21 34 37 41 
0 1 6 19 22 26 34 36 
0 1 6 19 22 35 37 39 
0 1 6 19 28 29 39 43 
0 1 6 19 28 31 35 43 
0 1 6 19 29 30 39 43 
0 1 6 19 29 34 39 43 
0 1 6 19 30 34 42 44 
0 1 6 19 30 36 42 44 
0 1 6 20 22 29 30 33 
0 1 6 20 22 30 33 37 
0 1 6 20 25 33 35 42 
0 1 6 20 27 30 34 43 
0 1 6 20 28 30 39 43 
0 1 6 20 28 32 35 44 
0 1 6 20 28 36 39 41 
0 1 6 20 29 31 38 41 
0 1 6 20 29 33 36 44 
0 1 6 20 29 33 41 44 
0 1 6 20 29 33 43 44 
0 1 6 20 30 34 38 43 
0 1 6 21 23 26 33 37 
0 1 6 21 23 27 34 37 
0 1 6 21 23 33 37 40 
0 1 6 21 24 36 38 40 
0 1 6 21 26 29 33 35 
0 1 6 21 26 33 37 43 
0 1 6 21 26 35 39 43 
0 1 6 21 27 29 38 41 
0 1 6 21 27 31 34 43 
0 1 6 21 27 34 41 43 
0 1 6 21 29 32 39 41 
0 1 6 22 23 26 31 33 
0 1 6 22 26 28 33 36 
0 1 6 22 26 28 36 39 
0 1 6 22 26 31 33 43 
0 1 6 22 26 31 34 44 
0 1 6 22 26 33 34 36 
0 1 6 22 26 33 36 43 
0 1 6 22 26 33 37 43 
0 1 6 22 27 32 34 42 
0 1 6 22 28 31 39 41 
0 1 6 22 31 33 34 41 
0 1 6 23 25 36 39 43 
0 1 6 23 26 31 35 44 
0 1 6 23 30 31 33 42 
0 1 6 24 25 36 38 41 
0 1 6 24 26 30 34 37 
0 1 6 24 26 35 38 41 
0 1 6 24 29 33 43 44 
0 1 6 24 30 31 34 43 
0 1 6 24 30 32 41 44 
0 1 6 24 30 34 43 44 
0 1 6 25 28 30 37 41 
0 1 6 25 28 32 36 44 
0 1 6 25 28 36 39 41 
0 1 6 25 29 31 33 36 
0 1 6 25 29 33 36 43 
0 1 6 26 27 28 38 42 
0 1 6 26 27 29 38 41 
0 1 6 27 29 31 38 41 
0 1 6 27 29 31 39 42 
0 1 7 8 9 12 22 28 
0 1 7 8 10 14 29 34 
0 1 7 8 10 25 33 41 
0 1 7 8 11 20 23 25 
0 1 7 8 12 20 28 43 
0 1 7 8 15 18 20 24 
0 1 7 8 17 18 20 22 
0 1 7 8 17 19 21 22 
0 1 7 8 19 24 39 43 
0 1 7 8 25 31 41 44 
0 1 7 8 28 30 33 42 
0 1 7 8 29 33 35 38 
0 1 7 8 31 32 34 36 
0 1 7 8 31 33 35 36 
0 1 7 9 10 14 29 34 
0 1 7 9 10 25 29 41 
0 1 7 9 11 14 25 37 
0 1 7 9 11 14 29 33 
0 1 7 9 11 23 28 43 
0 1 7 9 11 24 27 40 
0 1 7 9 12 17 26 30 
0 1 7 9 12 17 28 32 
0 1 7 9 12 17 32 36 
0 1 7 9 12 18 22 38 
0 1 7 9 12 20 26 30 
0 1 7 9 12 20 28 42 
0 1 7 9 12 22 25 26 
0 1 7 9 12 22 26 28 
0 1 7 9 12 22 26 30 
0 1 7 9 12 22 26 36 
0 1 7 9 12 22 28 32 
0 1 7 9 12 22 28 42 
0 1 7 9 12 23 25 42 
0 1 7 9 12 23 27 44 
0 1 7 9 12 25 31 35 
0 1 7 9 12 25 31 42 
0 1 7 9 12 25 35 39 
0 1 7 9 12 26 30 44 
0 1 7 9 12 28 29 42 
0 1 7 9 12 28 32 42 
0 1 7 9 13 20 23 28 
0 1 7 9 13 23 28 43 
0 1 7 9 13 26 31 42 
0 1 7 9 13 27 30 35 
0 1 7 9 15 20 25 42 
0 1 7 9 16 19 33 41 
0 1 7 9 16 28 31 41 
0 1 7 9 16 28 38 41 
0 1 7 9 17 22 28 42 
0 1 7 9 18 22 23 42 
0 1 7 9 18 26 31 42 
0 1 7 9 19 20 23 24 
0 1 7 9 20 23 35 41 
0 1 7 9 20 24 40 42 
0 1 7 9 20 25 31 42 
0 1 7 9 20 25 39 42 
0 1 7 9 20 25 40 42 
0 1 7 9 23 26 33 41 
0 1 7 9 24 27 36 41 
0 1 7 9 24 29 42 43 
0 1 7 9 26 31 42 44 
0 1 7 9 28 29 31 41 
0 1 7 9 28 29 33 43 
0 1 7 9 30 32 34 35 
0 1 7 10 11 19 24 26 
0 1 7 10 11 24 29 44 
0 1 7 10 12 14 30 38 
0 1 7 10 12 15 25 29 
0 1 7 10 12 16 25 38 
0 1 7 10 12 20 24 30 
0 1 7 10 12 20 24 39 
0 1 7 10 12 20 28 42 
0 1 7 10 12 21 25 29 
0 1 7 10 12 23 27 31 
0 1 7 10 12 25 29 38 
0 1 7 10 12 27 33 41 
0 1 7 10 12 31 35 39 
0 1 7 10 13 15 30 34 
0 1 7 10 14 16 22 27 
0 1 7 10 14 19 21 29 
0 1 7 10 14 19 35 37 
0 1 7 10 14 22 39 41 
0 1 7 10 14 29 34 44 
0 1 7 10 15 17 21 33 
0 1 7 10 15 17 30 34 
0 1 7 10 15 19 28 30 
0 1 7 10 15 19 30 43 
0 1 7 10 15 21 23 27 
0 1 7 10 15 22 26 28 
0 1 7 10 15 23 27 44 
0 1 7 10 15 28 30 34 
0 1 7 10 15 30 32 34 
0 1 7 10 15 30 34 43 
0 1 7 10 15 31 33 35 
0 1 7 10 15 32 34 36 
0 1 7 10 15 33 35 39 
0 1 7 10 18 20 24 40 
0 1 7 10 18 20 30 41 
0 1 7 10 18 26 40 42 
0 1 7 10 20 22 38 41 
0 1 7 10 22 28 30 41 
0 1 7 10 23 26 40 44 
0 1 7 10 24 27 40 44 
0 1 7 10 25 27 33 41 
0 1 7 10 25 29 38 40 
0 1 7 10 25 30 42 44 
0 1 7 10 25 33 35 41 
0 1 7 10 26 28 33 41 
0 1 7 10 28 30 33 41 
0 1 7 11 12 14 28 37 
0 1 7 11 12 20 28 43 
0 1 7 11 12 27 35 43 
0 1 7 11 13 16 21 39 
0 1 7 11 13 16 24 27 
0 1 7 11 13 16 25 33 
0 1 7 11 13 16 27 35 
0 1 7 11 13 16 31 39 
0 1 7 11 13 16 35 38 
0 1 7 11 13 18 21 30 
0 1 7 11 13 22 25 30 
0 1 7 11 13 22 27 30 
0 1 7 11 13 22 38 41 
0 1 7 11 13 29 32 37 
0 1 7 11 13 31 36 39 
0 1 7 11 14 16 25 33 
0 1 7 11 14 19 21 36 
0 1 7 11 15 22 24 27 
0 1 7 11 15 22 27 43 
0 1 7 11 15 24 27 29 
0 1 7 11 15 34 36 39 
0 1 7 11 16 19 21 24 
0 1 7 11 16 19 21 29 
0 1 7 11 16 19 21 33 
0 1 7 11 16 19 21 39 
0 1 7 11 16 19 29 31 
0 1 7 11 16 19 31 33 
0 1 7 11 16 24 31 43 
0 1 7 11 16 24 42 44 
0 1 7 11 16 25 33 43 
0 1 7 11 17 23 38 43 
0 1 7 11 17 25 40 43 
0 1 7 11 17 32 34 37 
0 1 7 11 18 20 23 31 
0 1 7 11 18 32 34 37 
0 1 7 11 19 21 24 30 
0 1 7 11 19 21 24 36 
0 1 7 11 19 21 24 37 
0 1 7 11 19 22 24 36 
0 1 7 11 19 31 33 36 
0 1 7 11 20 23 25 37 
0 1 7 11 21 33 36 38 
0 1 7 11 21 34 37 39 
0 1 7 11 22 26 38 43 
0 1 7 11 23 24 38 43 
0 1 7 11 23 28 37 43 
0 1 7 11 24 26 29 38 
0 1 7 11 24 29 43 44 
0 1 7 11 25 33 40 42 
0 1 7 11 28 31 33 36 
0 1 7 11 29 32 34 37 
0 1 7 11 29 32 37 44 
0 1 7 12 14 16 24 27 
0 1 7 12 15 16 33 35 
0 1 7 12 15 17 21 34 
0 1 7 12 15 17 33 37 
0 1 7 12 15 32 34 36 
0 1 7 12 16 19 21 29 
0 1 7 12 16 20 33 43 
0 1 7 12 16 23 26 44 
0 1 7 12 16 25 35 43 
0 1 7 12 18 33 41 43 
0 1 7 12 19 21 29 42 
0 1 7 12 19 28 42 44 
0 1 7 12 20 24 30 43 
0 1 7 12 20 28 42 43 
0 1 7 12 21 27 29 42 
0 1 7 12 22 26 30 43 
0 1 7 12 23 25 37 42 
0 1 7 12 24 26 37 42 
0 1 7 13 15 17 18 37 
0 1 7 13 15 18 32 36 
0 1 7 13 15 20 24 42 
0 1 7 13 15 22 25 41 
0 1 7 13 15 22 41 42 
0 1 7 13 15 33 36 41 
0 1 7 13 16 18 38 42 
0 1 7 13 16 31 39 41 
0 1 7 13 17 18 21 43 
0 1 7 13 17 32 35 37 
0 1 7 13 17 35 38 43 
0 1 7 13 18 22 42 44 
0 1 7 13 21 36 39 41 
0 1 7 13 24 38 42 43 
0 1 7 13 27 35 37 42 
0 1 7 13 31 33 36 41 
0 1 7 14 16 19 24 41 
0 1 7 14 16 25 37 42 
0 1 7 14 16 34 37 42 
0 1 7 14 17 19 37 41 
0 1 7 14 17 22 26 28 
0 1 7 14 18 33 36 38 
0 1 7 14 19 34 42 43 
0 1 7 14 19 35 41 44 
0 1 7 14 19 35 42 44 
0 1 7 14 23 25 37 42 
0 1 7 14 24 26 37 42 
0 1 7 14 26 28 37 42 
0 1 7 15 16 18 28 41 
0 1 7 15 16 29 40 42 
0 1 7 15 17 20 24 34 
0 1 7 15 17 22 33 42 
0 1 7 15 18 20 24 30 
0 1 7 15 18 20 24 34 
0 1 7 15 18 20 24 36 
0 1 7 15 18 20 36 40 
0 1 7 15 18 31 41 43 
0 1 7 15 19 20 30 43 
0 1 7 15 19 20 35 43 
0 1 7 15 19 22 24 35 
0 1 7 15 19 25 28 30 
0 1 7 15 19 25 30 43 
0 1 7 15 19 30 35 43 
0 1 7 15 19 30 40 43 
0 1 7 15 19 36 39 41 
0 1 7 15 20 31 42 43 
0 1 7 15 25 28 30 34 
0 1 7 15 25 29 32 34 
0 1 7 15 25 30 34 43 
0 1 7 15 29 32 34 36 
0 1 7 15 30 33 35 39 
0 1 7 15 32 34 36 37 
0 1 7 16 17 19 33 41 
0 1 7 16 18 32 40 42 
0 1 7 16 18 33 38 42 
0 1 7 16 19 21 29 41 
0 1 7 16 19 31 33 41 
0 1 7 16 19 31 41 44 
0 1 7 16 19 33 41 43 
0 1 7 16 20 35 38 40 
0 1 7 16 21 33 41 43 
0 1 7 16 21 34 42 44 
0 1 7 16 26 28 38 41 
0 1 7 16 26 29 40 44 
0 1 7 16 27 30 40 44 
0 1 7 17 18 32 41 44 
0 1 7 17 19 21 22 30 
0 1 7 17 19 22 33 37 
0 1 7 17 19 32 38 41 
0 1 7 17 19 32 41 44 
0 1 7 17 20 22 26 34 
0 1 7 17 20 25 29 31 
0 1 7 17 20 31 40 44 
0 1 7 17 22 32 41 44 
0 1 7 17 28 32 40 43 
0 1 7 18 20 21 26 30 
0 1 7 18 20 34 37 42 
0 1 7 18 21 23 33 37 
0 1 7 18 22 27 30 32 
0 1 7 18 22 32 34 37 
0 1 7 18 22 33 36 38 
0 1 7 18 22 33 38 43 
0 1 7 18 23 31 42 43 
0 1 7 18 26 27 40 42 
0 1 7 18 26 31 40 42 
0 1 7 18 26 33 40 42 
0 1 7 18 30 32 37 42 
0 1 7 19 21 24 32 36 
0 1 7 19 21 33 36 41 
0 1 7 19 28 31 41 44 
0 1 7 19 31 35 41 44 
0 1 7 19 31 36 39 41 
0 1 7 19 31 36 41 44 
0 1 7 19 31 36 42 44 
0 1 7 20 22 29 34 42 
0 1 7 20 23 29 31 41 
0 1 7 20 23 35 37 41 
0 1 7 20 25 28 30 34 
0 1 7 20 28 29 31 41 
0 1 7 20 29 31 34 42 
0 1 7 20 29 31 38 41 
0 1 7 20 29 34 41 44 
0 1 7 20 29 34 42 44 
0 1 7 21 24 26 30 34 
0 1 7 21 25 30 33 35 
0 1 7 21 29 33 34 36 
0 1 7 22 24 33 38 42 
0 1 7 22 26 28 33 36 
0 1 7 22 26 34 36 39 
0 1 7 22 26 35 38 40 
0 1 7 22 27 31 35 43 
0 1 7 22 28 30 33 42 
0 1 7 22 28 32 41 44 
0 1 7 22 28 33 42 44 
0 1 7 23 25 36 37 42 
0 1 7 23 26 28 33 37 
0 1 7 23 26 31 35 44 
0 1 7 23 27 31 40 42 
0 1 7 24 25 27 37 41 
0 1 7 24 26 37 38 42 
0 1 7 24 26 37 40 42 
0 1 7 24 27 29 37 41 
0 1 7 25 27 30 35 39 
0 1 7 25 29 31 33 36 
0 1 7 25 29 31 34 44 
0 1 7 25 29 32 34 44 
0 1 7 25 29 33 40 43 
0 1 7 25 30 31 33 42 
0 1 7 25 30 33 35 39 
0 1 7 25 30 33 42 44 
0 1 7 26 28 29 38 41 
0 1 7 27 29 31 37 40 
0 1 7 27 30 31 35 43 
0 1 8 9 11 13 31 37 
0 1 8 9 11 14 26 30 
0 1 8 9 11 14 29 33 
0 1 8 9 11 19 25 41 
0 1 8 9 11 24 28 40 
0 1 8 9 12 14 24 26 
0 1 8 9 12 14 24 28 
0 1 8 9 12 14 29 35 
0 1 8 9 12 28 30 40 
0 1 8 9 13 29 35 43 
0 1 8 9 14 24 26 42 
0 1 8 9 14 26 30 43 
0 1 8 9 17 23 41 43 
0 1 8 9 19 25 40 42 
0 1 8 9 21 25 40 43 
0 1 8 9 24 28 40 43 
0 1 8 9 26 30 40 42 
0 1 8 9 28 30 40 42 
0 1 8 10 11 14 26 31 
0 1 8 10 11 14 29 34 
0 1 8 10 11 22 36 40 
0 1 8 10 12 15 26 32 
0 1 8 10 12 15 28 34 
0 1 8 10 12 28 31 40 
0 1 8 10 12 31 37 40 
0 1 8 10 13 14 29 35 
0 1 8 10 13 16 30 34 
0 1 8 10 13 19 24 28 
0 1 8 10 13 19 25 41 
0 1 8 10 13 24 26 30 
0 1 8 10 13 24 28 34 
0 1 8 10 13 24 28 39 
0 1 8 10 13 25 35 39 
0 1 8 10 13 28 32 39 
0 1 8 10 13 29 31 35 
0 1 8 10 14 20 25 43 
0 1 8 10 14 22 25 41 
0 1 8 10 14 25 37 40 
0 1 8 10 14 26 31 34 
0 1 8 10 14 26 31 42 
0 1 8 10 14 29 32 34 
0 1 8 10 14 29 34 37 
0 1 8 10 15 20 36 42 
0 1 8 10 15 30 36 42 
0 1 8 10 16 18 41 42 
0 1 8 10 16 19 29 41 
0 1 8 10 16 22 27 42 
0 1 8 10 16 24 41 42 
0 1 8 10 17 23 41 42 
0 1 8 10 19 25 28 41 
0 1 8 10 19 25 38 41 
0 1 8 10 19 25 41 42 
0 1 8 10 20 31 37 42 
0 1 8 10 21 24 28 40 
0 1 8 10 21 27 30 41 
0 1 8 10 22 25 29 40 
0 1 8 10 22 25 35 41 
0 1 8 10 22 26 29 40 
0 1 8 10 22 27 39 42 
0 1 8 10 22 29 40 42 
0 1 8 10 22 35 38 41 
0 1 8 10 22 36 37 42 
0 1 8 10 24 29 30 42 
0 1 8 10 26 29 33 40 
0 1 8 10 26 32 41 43 
0 1 8 10 28 29 32 40 
0 1 8 11 12 17 24 26 
0 1 8 11 12 17 30 32 
0 1 8 11 12 29 31 40 
0 1 8 11 13 17 22 26 
0 1 8 11 13 17 31 32 
0 1 8 11 13 17 31 34 
0 1 8 11 13 17 31 37 
0 1 8 11 13 17 38 39 
0 1 8 11 13 31 37 41 
0 1 8 11 15 17 33 41 
0 1 8 11 15 18 20 24 
0 1 8 11 16 20 22 29 
0 1 8 11 17 19 33 41 
0 1 8 11 17 25 40 44 
0 1 8 11 17 26 39 41 
0 1 8 11 18 25 40 44 
0 1 8 11 20 24 25 26 
0 1 8 11 21 27 41 44 
0 1 8 11 21 30 39 41 
0 1 8 11 22 25 40 44 
0 1 8 11 22 28 41 44 
0 1 8 11 23 26 40 44 
0 1 8 11 24 26 32 41 
0 1 8 11 24 26 36 40 
0 1 8 11 25 34 38 40 
0 1 8 11 30 33 35 39 
0 1 8 12 13 15 18 37 
0 1 8 12 13 18 34 43 
0 1 8 12 13 28 34 43 
0 1 8 12 14 16 19 36 
0 1 8 12 14 17 20 35 
0 1 8 12 14 17 32 36 
0 1 8 12 14 18 37 42 
0 1 8 12 14 22 37 40 
0 1 8 12 14 28 31 36 
0 1 8 12 16 18 21 31 
0 1 8 12 16 18 21 35 
0 1 8 12 16 21 40 43 
0 1 8 12 16 22 25 27 
0 1 8 12 17 21 27 43 
0 1 8 12 17 23 25 43 
0 1 8 12 17 23 43 44 
0 1 8 12 17 25 31 43 
0 1 8 12 17 25 40 43 
0 1 8 12 17 32 39 43 
0 1 8 12 18 21 23 37 
0 1 8 12 18 27 30 32 
0 1 8 12 20 22 37 40 
0 1 8 12 21 26 27 43 
0 1 8 12 21 27 38 43 
0 1 8 12 21 27 40 43 
0 1 8 12 21 28 40 43 
0 1 8 12 21 30 40 43 
0 1 8 12 22 28 31 33 
0 1 8 12 22 37 38 40 
0 1 8 12 27 30 32 36 
0 1 8 12 28 33 34 43 
0 1 8 12 30 31 33 36 
0 1 8 12 30 31 33 40 
0 1 8 13 15 16 19 36 
0 1 8 13 15 16 36 42 
0 1 8 13 15 17 36 42 
0 1 8 13 15 18 20 24 
0 1 8 13 15 20 36 42 
0 1 8 13 15 26 36 42 
0 1 8 13 16 18 22 42 
0 1 8 13 16 19 23 44 
0 1 8 13 16 30 34 36 
0 1 8 13 16 34 38 44 
0 1 8 13 17 19 32 42 
0 1 8 13 17 19 39 43 
0 1 8 13 17 22 28 43 
0 1 8 13 17 23 42 44 
0 1 8 13 17 32 40 42 
0 1 8 13 18 22 24 43 
0 1 8 13 19 28 42 43 
0 1 8 13 19 29 41 44 
0 1 8 13 19 29 42 44 
0 1 8 13 19 30 39 43 
0 1 8 13 22 23 40 42 
0 1 8 13 22 24 28 43 
0 1 8 13 22 26 37 43 
0 1 8 13 25 27 36 42 
0 1 8 13 26 29 31 35 
0 1 8 13 26 30 32 35 
0 1 8 13 28 34 36 42 
0 1 8 14 16 19 24 28 
0 1 8 14 16 20 25 43 
0 1 8 14 16 26 37 42 
0 1 8 14 17 19 21 31 
0 1 8 14 17 19 29 42 
0 1 8 14 18 19 21 30 
0 1 8 14 18 20 23 29 
0 1 8 14 18 21 23 34 
0 1 8 14 18 25 27 30 
0 1 8 14 18 25 41 44 
0 1 8 14 19 23 26 43 
0 1 8 14 19 23 31 43 
0 1 8 14 19 24 41 44 
0 1 8 14 19 28 41 43 
0 1 8 14 19 29 41 44 
0 1 8 14 19 34 42 43 
0 1 8 14 20 25 29 43 
0 1 8 14 20 35 37 42 
0 1 8 14 24 25 41 44 
0 1 8 14 24 33 41 44 
0 1 8 14 24 34 41 44 
0 1 8 14 25 27 37 42 
0 1 8 14 25 30 34 43 
0 1 8 14 25 31 41 44 
0 1 8 14 25 36 41 44 
0 1 8 14 26 29 31 35 
0 1 8 14 26 30 35 43 
0 1 8 14 26 31 35 43 
0 1 8 14 29 32 34 36 
0 1 8 14 30 33 35 42 
0 1 8 15 18 20 24 31 
0 1 8 15 18 34 36 40 
0 1 8 15 19 21 24 36 
0 1 8 15 19 31 40 43 
0 1 8 15 20 36 40 42 
0 1 8 15 25 28 30 34 
0 1 8 15 30 32 35 41 
0 1 8 15 32 35 37 41 
0 1 8 16 17 20 22 35 
0 1 8 16 18 21 27 41 
0 1 8 16 18 32 35 41 
0 1 8 16 19 21 25 31 
0 1 8 16 20 22 25 35 
0 1 8 16 20 26 29 31 
0 1 8 16 20 29 40 43 
0 1 8 16 20 32 37 43 
0 1 8 16 21 35 41 44 
0 1 8 16 22 35 41 44 
0 1 8 16 31 34 36 40 
0 1 8 16 32 34 36 39 
0 1 8 16 34 36 39 40 
0 1 8 17 19 22 23 33 
0 1 8 17 20 22 26 35 
0 1 8 17 20 22 28 32 
0 1 8 17 20 22 35 39 
0 1 8 17 20 22 35 41 
0 1 8 17 21 23 26 35 
0 1 8 17 21 34 36 39 
0 1 8 17 22 28 41 43 
0 1 8 17 23 32 41 43 
0 1 8 17 25 29 40 43 
0 1 8 17 27 40 41 42 
0 1 8 17 28 32 40 43 
0 1 8 17 28 39 41 43 
0 1 8 18 19 22 24 33 
0 1 8 18 20 31 36 42 
0 1 8 18 20 31 37 42 
0 1 8 18 21 26 30 32 
0 1 8 18 22 24 27 33 
0 1 8 18 22 27 33 43 
0 1 8 18 24 29 33 43 
0 1 8 18 25 29 31 34 
0 1 8 18 26 30 32 35 
0 1 8 18 26 33 40 42 
0 1 8 18 30 34 39 43 
0 1 8 18 31 33 37 42 
0 1 8 18 31 34 39 43 
0 1 8 18 31 37 42 43 
0 1 8 18 32 34 38 41 
0 1 8 19 25 31 41 44 
0 1 8 19 28 30 40 42 
0 1 8 20 22 25 29 35 
0 1 8 20 22 25 36 40 
0 1 8 20 25 29 40 43 
0 1 8 20 28 32 37 43 
0 1 8 20 30 32 35 36 
0 1 8 20 31 32 35 37 
0 1 8 20 32 36 38 43 
0 1 8 21 24 26 32 36 
0 1 8 21 24 26 35 41 
0 1 8 21 28 30 40 42 
0 1 8 21 30 34 36 39 
0 1 8 22 24 28 33 43 
0 1 8 22 25 27 33 37 
0 1 8 22 25 35 37 41 
0 1 8 22 28 30 31 41 
0 1 8 22 28 32 34 37 
0 1 8 24 26 32 35 41 
0 1 8 24 26 32 41 42 
0 1 8 24 26 32 41 43 
0 1 8 24 26 34 39 43 
0 1 8 24 28 31 33 34 
0 1 8 24 28 33 39 43 
0 1 8 24 28 34 37 39 
0 1 8 25 30 31 34 43 
0 1 8 25 30 34 39 43 
0 1 8 25 31 35 41 44 
0 1 8 26 29 30 38 40 
0 1 8 26 29 30 39 41 
0 1 8 26 29 31 33 35 
0 1 8 26 29 31 40 41 
0 1 8 26 30 32 41 43 
0 1 8 28 29 30 34 43 
0 1 9 10 12 14 31 39 
0 1 9 10 13 15 26 33 
0 1 9 10 13 19 24 26 
0 1 9 10 16 24 41 43 
0 1 9 10 22 29 40 42 
0 1 9 10 29 31 36 42 
0 1 9 11 13 15 18 34 
0 1 9 11 13 16 19 33 
0 1 9 11 13 16 27 33 
0 1 9 11 13 16 30 36 
0 1 9 11 13 16 31 37 
0 1 9 11 13 30 33 40 
0 1 9 11 13 32 38 41 
0 1 9 11 14 15 26 38 
0 1 9 11 14 17 21 36 
0 1 9 11 14 18 30 36 
0 1 9 11 14 21 27 31 
0 1 9 11 14 29 33 39 
0 1 9 11 14 29 33 40 
0 1 9 11 15 21 38 41 
0 1 9 11 15 33 37 40 
0 1 9 11 16 17 24 42 
0 1 9 11 16 18 22 42 
0 1 9 11 16 22 28 42 
0 1 9 11 16 22 29 42 
0 1 9 11 16 33 36 42 
0 1 9 11 17 19 24 42 
0 1 9 11 17 24 37 42 
0 1 9 11 18 21 27 41 
0 1 9 11 18 21 40 41 
0 1 9 11 20 23 39 41 
0 1 9 11 21 24 28 40 
0 1 9 11 21 39 40 43 
0 1 9 11 22 27 39 42 
0 1 9 11 24 28 31 40 
0 1 9 11 24 29 35 42 
0 1 9 11 25 28 32 40 
0 1 9 11 25 28 34 41 
0 1 9 11 26 29 33 40 
0 1 9 11 26 32 38 41 
0 1 9 11 26 33 36 40 
0 1 9 11 27 32 36 39 
0 1 9 11 29 30 33 40 
0 1 9 12 14 16 36 40 
0 1 9 12 14 16 36 42 
0 1 9 12 14 17 35 39 
0 1 9 12 14 18 24 38 
0 1 9 12 14 19 25 42 
0 1 9 12 14 22 39 41 
0 1 9 12 14 24 28 39 
0 1 9 12 14 28 35 39 
0 1 9 12 14 29 35 39 
0 1 9 12 14 29 36 40 
0 1 9 12 14 32 38 42 
0 1 9 12 16 18 21 31 
0 1 9 12 16 18 31 36 
0 1 9 12 16 20 22 40 
0 1 9 12 16 22 40 42 
0 1 9 12 16 25 39 44 
0 1 9 12 17 32 36 38 
0 1 9 12 18 25 40 44 
0 1 9 12 19 23 25 40 
0 1 9 12 19 24 40 44 
0 1 9 12 19 25 40 42 
0 1 9 12 19 29 40 42 
0 1 9 12 19 39 40 41 
0 1 9 12 22 23 27 29 
0 1 9 12 22 25 39 41 
0 1 9 12 22 26 39 41 
0 1 9 12 22 32 39 41 
0 1 9 12 22 38 40 42 
0 1 9 12 25 29 31 36 
0 1 9 12 29 31 36 42 
0 1 9 13 14 15 35 42 
0 1 9 13 14 16 35 41 
0 1 9 13 15 17 20 36 
0 1 9 13 15 18 20 36 
0 1 9 13 15 18 25 35 
0 1 9 13 15 18 35 42 
0 1 9 13 15 19 38 43 
0 1 9 13 15 20 25 42 
0 1 9 13 15 20 25 43 
0 1 9 13 15 20 30 42 
0 1 9 13 15 20 36 43 
0 1 9 13 15 30 35 42 
0 1 9 13 15 31 34 41 
0 1 9 13 15 35 37 42 
0 1 9 13 16 18 24 44 
0 1 9 13 16 19 24 44 
0 1 9 13 16 21 27 44 
0 1 9 13 16 24 26 40 
0 1 9 13 16 33 35 40 
0 1 9 13 16 34 39 44 
0 1 9 13 17 20 39 44 
0 1 9 13 17 33 40 43 
0 1 9 13 18 20 23 39 
0 1 9 13 18 23 39 43 
0 1 9 13 19 21 24 38 
0 1 9 13 20 23 25 40 
0 1 9 13 20 23 39 41 
0 1 9 13 20 30 40 42 
0 1 9 13 20 30 40 43 
0 1 9 13 23 25 28 39 
0 1 9 13 24 27 29 39 
0 1 9 13 25 35 40 42 
0 1 9 13 25 36 39 41 
0 1 9 13 29 31 34 39 
0 1 9 13 30 33 35 40 
0 1 9 13 30 35 38 40 
0 1 9 14 15 19 21 43 
0 1 9 14 16 19 25 42 
0 1 9 14 16 20 24 42 
0 1 9 14 16 20 33 36 
0 1 9 14 16 20 33 43 
0 1 9 14 16 22 26 43 
0 1 9 14 16 25 36 42 
0 1 9 14 16 33 39 43 
0 1 9 14 16 35 36 42 
0 1 9 14 17 20 21 44 
0 1 9 14 17 33 35 39 
0 1 9 14 18 20 21 36 
0 1 9 14 18 20 23 30 
0 1 9 14 18 21 24 43 
0 1 9 14 18 24 31 43 
0 1 9 14 18 24 36 43 
0 1 9 14 18 33 40 43 
0 1 9 14 19 31 39 43 
0 1 9 14 19 39 42 43 
0 1 9 14 20 38 42 44 
0 1 9 14 21 27 31 43 
0 1 9 14 24 39 42 43 
0 1 9 14 25 32 40 42 
0 1 9 14 26 30 36 43 
0 1 9 14 29 33 35 36 
0 1 9 15 16 19 21 32 
0 1 9 15 16 20 33 43 
0 1 9 15 17 19 22 34 
0 1 9 15 17 22 35 42 
0 1 9 15 18 20 22 30 
0 1 9 15 18 29 39 41 
0 1 9 15 18 33 40 44 
0 1 9 15 18 34 36 41 
0 1 9 15 20 22 25 42 
0 1 9 15 20 32 36 43 
0 1 9 15 22 25 26 27 
0 1 9 15 25 34 38 43 
0 1 9 15 26 36 38 41 
0 1 9 15 28 31 33 35 
0 1 9 15 29 32 34 36 
0 1 9 15 29 33 35 38 
0 1 9 15 30 32 35 42 
0 1 9 15 30 33 35 37 
0 1 9 15 33 34 38 43 
0 1 9 15 33 35 37 38 
0 1 9 16 17 27 40 42 
0 1 9 16 18 21 22 35 
0 1 9 16 18 21 27 31 
0 1 9 16 18 21 35 41 
0 1 9 16 18 31 36 42 
0 1 9 16 19 29 40 42 
0 1 9 16 19 33 35 41 
0 1 9 16 20 33 40 43 
0 1 9 16 21 27 41 44 
0 1 9 16 22 26 31 43 
0 1 9 16 23 35 41 44 
0 1 9 16 27 31 33 36 
0 1 9 16 31 33 36 42 
0 1 9 17 20 27 39 41 
0 1 9 17 27 38 40 42 
0 1 9 17 30 35 40 42 
0 1 9 17 32 34 35 41 
0 1 9 18 20 21 25 31 
0 1 9 18 20 33 36 40 
0 1 9 18 30 38 41 44 
0 1 9 18 32 34 35 39 
0 1 9 19 24 26 30 33 
0 1 9 19 25 29 32 34 
0 1 9 19 25 30 32 42 
0 1 9 19 29 39 40 42 
0 1 9 19 29 39 41 43 
0 1 9 20 23 29 39 41 
0 1 9 20 26 27 30 32 
0 1 9 21 23 26 35 39 
0 1 9 21 23 35 38 41 
0 1 9 21 25 27 32 42 
0 1 9 21 26 29 39 43 
0 1 9 21 27 29 31 34 
0 1 9 21 27 29 32 36 
0 1 9 21 28 32 38 43 
0 1 9 21 32 35 37 39 
0 1 9 22 25 27 35 39 
0 1 9 22 25 35 40 42 
0 1 9 22 27 29 39 43 
0 1 9 22 28 29 33 43 
0 1 9 22 28 30 35 42 
0 1 9 22 28 38 42 43 
0 1 9 22 28 39 42 44 
0 1 9 22 29 40 41 44 
0 1 9 23 24 36 40 43 
0 1 9 23 25 28 34 38 
0 1 9 23 25 30 36 42 
0 1 9 23 26 35 39 44 
0 1 9 23 28 30 33 34 
0 1 9 23 28 33 39 43 
0 1 9 24 25 31 41 43 
0 1 9 24 26 31 32 42 
0 1 9 24 27 29 36 40 
0 1 9 24 27 33 40 44 
0 1 9 24 27 34 40 44 
0 1 9 24 29 31 35 42 
0 1 9 24 29 35 40 42 
0 1 9 24 29 35 42 43 
0 1 9 24 29 36 42 43 
0 1 9 24 29 39 42 43 
0 1 9 25 27 31 32 42 
0 1 9 25 27 32 36 42 
0 1 9 25 27 32 38 42 
0 1 9 25 28 31 33 35 
0 1 9 25 28 32 39 44 
0 1 9 26 27 31 33 43 
0 1 9 26 30 31 36 43 
0 1 9 26 31 33 36 42 
0 1 9 28 29 31 33 35 
0 1 9 28 29 31 33 39 
0 1 9 28 30 31 34 41 
0 1 9 28 30 32 34 35 
0 1 9 28 31 33 34 38 
0 1 9 29 31 33 35 36 
0 1 10 11 12 32 38 41 
0 1 10 11 13 15 17 37 
0 1 10 11 13 15 38 39 
0 1 10 11 13 17 32 37 
0 1 10 11 14 16 26 38 
0 1 10 11 14 17 19 34 
0 1 10 11 14 22 39 41 
0 1 10 11 14 34 38 40 
0 1 10 11 15 17 34 42 
0 1 10 11 15 18 24 44 
0 1 10 11 16 18 22 42 
0 1 10 11 17 18 41 43 
0 1 10 11 18 30 40 42 
0 1 10 11 19 24 39 43 
0 1 10 11 19 39 41 43 
0 1 10 11 22 37 39 42 
0 1 10 12 13 17 25 39 
0 1 10 12 13 20 24 40 
0 1 10 12 14 15 38 39 
0 1 10 12 14 16 38 41 
0 1 10 12 14 17 20 35 
0 1 10 12 14 17 31 37 
0 1 10 12 14 17 31 39 
0 1 10 12 14 17 32 38 
0 1 10 12 14 21 37 40 
0 1 10 12 14 31 34 39 
0 1 10 12 14 31 36 39 
0 1 10 12 15 18 25 41 
0 1 10 12 15 33 40 41 
0 1 10 12 16 17 24 42 
0 1 10 12 16 19 24 44 
0 1 10 12 16 19 32 40 
0 1 10 12 16 19 33 41 
0 1 10 12 16 25 38 43 
0 1 10 12 16 30 33 38 
0 1 10 12 17 20 24 30 
0 1 10 12 17 25 39 43 
0 1 10 12 17 31 39 42 
0 1 10 12 18 22 25 41 
0 1 10 12 18 25 38 41 
0 1 10 12 18 25 41 44 
0 1 10 12 18 31 38 41 
0 1 10 12 18 33 38 41 
0 1 10 12 18 38 41 42 
0 1 10 12 19 25 38 41 
0 1 10 12 20 24 27 40 
0 1 10 12 20 25 39 42 
0 1 10 12 26 33 37 40 
0 1 10 12 32 36 39 40 
0 1 10 13 14 24 38 40 
0 1 10 13 14 32 38 43 
0 1 10 13 15 16 34 38 
0 1 10 13 15 17 21 39 
0 1 10 13 15 17 21 40 
0 1 10 13 15 18 35 39 
0 1 10 13 15 19 22 30 
0 1 10 13 15 19 30 37 
0 1 10 13 15 21 39 43 
0 1 10 13 15 27 35 39 
0 1 10 13 16 18 20 24 
0 1 10 13 16 21 23 27 
0 1 10 13 16 21 39 41 
0 1 10 13 17 18 24 43 
0 1 10 13 17 19 24 25 
0 1 10 13 17 21 40 44 
0 1 10 13 17 25 39 44 
0 1 10 13 17 25 40 44 
0 1 10 13 17 27 38 40 
0 1 10 13 17 32 37 43 
0 1 10 13 17 35 41 43 
0 1 10 13 18 20 24 30 
0 1 10 13 18 20 24 39 
0 1 10 13 18 20 24 40 
0 1 10 13 18 24 39 43 
0 1 10 13 18 30 39 41 
0 1 10 13 18 32 39 43 
0 1 10 13 19 21 26 41 
0 1 10 13 20 24 38 40 
0 1 10 13 21 24 39 41 
0 1 10 13 21 26 28 32 
0 1 10 13 21 28 40 44 
0 1 10 13 21 36 39 41 
0 1 10 13 21 39 41 43 
0 1 10 13 24 36 38 40 
0 1 10 13 26 30 32 37 
0 1 10 13 31 35 39 41 
0 1 10 13 31 36 38 42 
0 1 10 14 16 17 22 35 
0 1 10 14 16 18 21 33 
0 1 10 14 16 19 34 38 
0 1 10 14 16 21 29 43 
0 1 10 14 16 34 39 42 
0 1 10 14 16 35 38 43 
0 1 10 14 17 19 22 25 
0 1 10 14 17 19 25 33 
0 1 10 14 17 19 25 37 
0 1 10 14 17 20 22 35 
0 1 10 14 17 20 22 44 
0 1 10 14 17 20 25 43 
0 1 10 14 17 25 40 43 
0 1 10 14 17 32 34 40 
0 1 10 14 17 35 40 43 
0 1 10 14 18 20 25 43 
0 1 10 14 18 21 40 43 
0 1 10 14 18 25 40 43 
0 1 10 14 19 22 38 44 
0 1 10 14 19 22 39 44 
0 1 10 14 20 22 25 38 
0 1 10 14 20 25 38 43 
0 1 10 14 20 31 38 43 
0 1 10 14 20 35 38 43 
0 1 10 14 20 38 43 44 
0 1 10 14 22 25 27 39 
0 1 10 14 22 25 38 40 
0 1 10 14 22 25 39 41 
0 1 10 14 22 29 40 42 
0 1 10 14 22 35 38 40 
0 1 10 14 22 39 41 44 
0 1 10 14 26 37 38 40 
0 1 10 14 28 31 33 39 
0 1 10 14 29 32 34 38 
0 1 10 14 29 34 37 39 
0 1 10 15 16 18 22 35 
0 1 10 15 17 21 34 37 
0 1 10 15 17 23 34 42 
0 1 10 15 17 34 39 42 
0 1 10 15 17 34 40 42 
0 1 10 15 18 22 26 28 
0 1 10 15 18 32 34 38 
0 1 10 15 19 22 28 30 
0 1 10 15 19 30 37 43 
0 1 10 15 20 28 39 43 
0 1 10 15 21 23 27 30 
0 1 10 15 22 23 26 28 
0 1 10 15 26 36 38 42 
0 1 10 15 26 37 39 43 
0 1 10 15 28 30 34 37 
0 1 10 15 30 34 37 43 
0 1 10 16 17 21 29 43 
0 1 10 16 18 20 23 34 
0 1 10 16 18 34 41 42 
0 1 10 16 21 29 39 43 
0 1 10 16 28 32 35 37 
0 1 10 16 30 33 35 37 
0 1 10 16 33 34 36 41 
0 1 10 17 19 31 37 42 
0 1 10 17 20 22 28 32 
0 1 10 17 20 32 40 44 
0 1 10 17 20 33 35 41 
0 1 10 17 21 27 29 32 
0 1 10 17 21 32 37 43 
0 1 10 17 32 35 41 43 
0 1 10 17 32 37 41 43 
0 1 10 18 23 25 29 43 
0 1 10 18 24 26 29 33 
0 1 10 18 26 29 39 41 
0 1 10 19 28 31 39 41 
0 1 10 19 28 35 41 43 
0 1 10 20 22 35 38 41 
0 1 10 20 23 28 30 34 
0 1 10 20 24 34 37 39 
0 1 10 20 28 39 41 43 
0 1 10 20 30 32 38 41 
0 1 10 20 30 37 41 43 
0 1 10 21 23 27 30 35 
0 1 10 21 23 29 38 41 
0 1 10 21 23 33 37 40 
0 1 10 21 26 31 39 43 
0 1 10 22 24 27 35 39 
0 1 10 22 25 27 31 38 
0 1 10 22 25 27 35 39 
0 1 10 22 25 36 38 40 
0 1 10 22 26 28 31 39 
0 1 10 22 26 35 38 40 
0 1 10 22 26 37 39 40 
0 1 10 22 27 36 38 42 
0 1 10 22 28 30 38 41 
0 1 10 22 29 31 37 42 
0 1 10 22 29 32 40 42 
0 1 10 22 35 36 38 40 
0 1 10 22 35 37 38 41 
0 1 10 22 35 38 40 41 
0 1 10 23 26 28 34 41 
0 1 10 23 26 38 40 44 
0 1 10 23 26 38 41 44 
0 1 10 23 28 29 31 35 
0 1 10 23 28 30 34 42 
0 1 10 24 27 30 32 34 
0 1 10 24 27 31 39 44 
0 1 10 24 28 30 35 43 
0 1 10 24 29 36 42 44 
0 1 10 24 30 37 41 43 
0 1 10 25 26 28 32 37 
0 1 10 25 27 32 35 39 
0 1 10 25 27 33 38 41 
0 1 10 25 28 32 40 44 
0 1 10 25 29 32 35 37 
0 1 10 25 29 32 37 43 
0 1 10 25 29 32 38 43 
0 1 10 25 29 32 40 43 
0 1 10 25 29 33 40 43 
0 1 10 26 27 30 32 34 
0 1 10 26 27 31 32 34 
0 1 10 26 27 31 33 34 
0 1 10 26 27 32 34 42 
0 1 10 26 28 31 33 37 
0 1 10 26 29 31 33 37 
0 1 10 26 31 33 37 43 
0 1 10 27 30 31 33 38 
0 1 10 27 30 32 34 38 
0 1 10 27 30 32 34 40 
0 1 11 12 13 18 20 42 
0 1 11 12 14 16 18 37 
0 1 11 12 14 16 37 39 
0 1 11 12 14 18 20 41 
0 1 11 12 15 20 22 28 
0 1 11 12 15 24 38 40 
0 1 11 12 15 37 39 44 
0 1 11 12 16 37 39 43 
0 1 11 12 17 19 33 42 
0 1 11 12 18 20 41 43 
0 1 11 12 20 39 41 43 
0 1 11 12 29 35 37 42 
0 1 11 13 14 18 37 43 
0 1 11 13 15 17 18 37 
0 1 11 13 15 17 20 38 
0 1 11 13 15 18 21 37 
0 1 11 13 15 18 31 37 
0 1 11 13 15 18 37 40 
0 1 11 13 15 20 37 40 
0 1 11 13 15 30 37 40 
0 1 11 13 15 31 36 39 
0 1 11 13 15 37 39 40 
0 1 11 13 16 20 28 34 
0 1 11 13 16 20 38 44 
0 1 11 13 16 21 25 39 
0 1 11 13 16 32 38 41 
0 1 11 13 17 20 25 35 
0 1 11 13 17 20 25 40 
0 1 11 13 17 20 25 43 
0 1 11 13 17 20 32 40 
0 1 11 13 18 19 33 42 
0 1 11 13 18 20 26 42 
0 1 11 13 18 21 27 41 
0 1 11 13 18 26 36 42 
0 1 11 13 19 20 41 42 
0 1 11 13 20 31 37 42 
0 1 11 13 22 32 38 41 
0 1 11 13 22 38 41 44 
0 1 11 13 30 31 34 39 
0 1 11 14 15 23 38 40 
0 1 11 14 15 23 39 41 
0 1 11 14 16 20 28 38 
0 1 11 14 16 20 33 38 
0 1 11 14 16 20 38 44 
0 1 11 14 17 19 22 26 
0 1 11 14 17 19 26 41 
0 1 11 14 17 37 41 44 
0 1 11 14 18 23 38 40 
0 1 11 14 19 21 23 29 
0 1 11 14 19 23 39 44 
0 1 11 14 19 34 39 43 
0 1 11 14 20 22 29 41 
0 1 11 14 22 23 39 41 
0 1 11 14 23 34 38 40 
0 1 11 14 23 36 38 40 
0 1 11 14 25 37 39 41 
0 1 11 14 29 34 38 40 
0 1 11 14 31 34 38 40 
0 1 11 15 16 18 24 44 
0 1 11 15 16 23 37 43 
0 1 11 15 17 18 23 36 
0 1 11 15 17 20 32 38 
0 1 11 15 17 20 33 38 
0 1 11 15 17 26 38 43 
0 1 11 15 17 33 36 38 
0 1 11 15 18 19 24 44 
0 1 11 15 18 20 32 40 
0 1 11 15 18 23 24 44 
0 1 11 15 20 38 43 44 
0 1 11 15 21 34 37 39 
0 1 11 15 23 36 39 41 
0 1 11 15 24 38 41 44 
0 1 11 15 24 38 43 44 
0 1 11 15 25 30 37 43 
0 1 11 15 27 37 39 40 
0 1 11 15 28 35 37 40 
0 1 11 15 28 37 39 40 
0 1 11 15 29 34 36 42 
0 1 11 15 33 37 39 40 
0 1 11 16 18 19 22 31 
0 1 11 16 18 24 36 42 
0 1 11 16 19 23 25 29 
0 1 11 16 19 23 25 33 
0 1 11 16 19 23 25 36 
0 1 11 16 19 33 37 39 
0 1 11 16 20 23 37 43 
0 1 11 16 21 24 28 30 
0 1 11 16 23 33 37 43 
0 1 11 16 23 37 39 43 
0 1 11 16 24 27 31 33 
0 1 11 16 25 37 39 43 
0 1 11 16 25 38 41 44 
0 1 11 16 25 38 42 44 
0 1 11 16 31 35 38 44 
0 1 11 16 31 37 39 43 
0 1 11 17 18 19 22 31 
0 1 11 17 19 20 24 31 
0 1 11 17 19 20 24 32 
0 1 11 17 19 20 24 34 
0 1 11 17 19 22 26 33 
0 1 11 17 19 24 28 31 
0 1 11 17 21 24 26 38 
0 1 11 17 24 25 26 29 
0 1 11 17 24 26 38 41 
0 1 11 17 24 36 38 41 
0 1 11 17 25 27 30 34 
0 1 11 17 25 34 41 43 
0 1 11 17 31 34 38 43 
0 1 11 17 32 33 36 38 
0 1 11 17 32 34 37 38 
0 1 11 17 32 36 39 44 
0 1 11 17 32 37 40 44 
0 1 11 18 19 31 40 42 
0 1 11 18 21 23 27 31 
0 1 11 18 22 25 27 33 
0 1 11 18 23 26 30 32 
0 1 11 18 23 31 40 42 
0 1 11 18 25 37 41 43 
0 1 11 18 26 33 40 42 
0 1 11 18 30 32 38 41 
0 1 11 19 21 33 36 40 
0 1 11 19 23 29 38 43 
0 1 11 19 24 26 36 42 
0 1 11 19 24 28 30 31 
0 1 11 19 25 29 32 34 
0 1 11 19 25 33 40 42 
0 1 11 19 29 32 39 41 
0 1 11 19 29 34 39 43 
0 1 11 19 30 33 35 39 
0 1 11 19 31 33 36 40 
0 1 11 19 33 34 36 40 
0 1 11 20 23 24 29 31 
0 1 11 20 23 24 38 40 
0 1 11 20 23 25 29 38 
0 1 11 20 24 26 29 38 
0 1 11 20 25 27 33 42 
0 1 11 20 27 33 41 44 
0 1 11 20 28 34 41 44 
0 1 11 21 24 26 30 38 
0 1 11 21 24 36 38 40 
0 1 11 21 26 29 33 35 
0 1 11 21 28 31 33 37 
0 1 11 21 31 34 38 40 
0 1 11 21 31 39 40 43 
0 1 11 22 24 27 31 39 
0 1 11 22 27 31 39 43 
0 1 11 23 24 31 40 42 
0 1 11 24 25 28 30 37 
0 1 11 24 26 27 33 41 
0 1 11 24 26 29 30 38 
0 1 11 24 26 29 32 33 
0 1 11 24 26 29 32 36 
0 1 11 24 27 31 33 41 
0 1 11 24 28 30 31 36 
0 1 11 24 29 30 32 36 
0 1 11 24 30 36 38 41 
0 1 11 25 26 28 34 41 
0 1 11 25 26 29 32 34 
0 1 11 25 27 32 33 42 
0 1 11 25 27 33 38 42 
0 1 11 25 27 33 40 42 
0 1 11 25 27 34 40 42 
0 1 11 25 28 30 34 38 
0 1 11 25 30 33 39 43 
0 1 11 26 29 32 34 36 
0 1 11 26 29 32 34 38 
0 1 11 26 29 32 34 41 
0 1 12 13 14 19 22 42 
0 1 12 13 15 18 22 38 
0 1 12 13 15 19 20 36 
0 1 12 13 15 20 24 30 
0 1 12 13 15 20 36 40 
0 1 12 13 16 18 23 37 
0 1 12 13 16 36 39 44 
0 1 12 13 18 22 38 43 
0 1 12 13 20 36 40 43 
0 1 12 13 21 35 40 42 
0 1 12 13 22 38 39 43 
0 1 12 13 28 34 38 43 
0 1 12 14 15 19 20 36 
0 1 12 14 16 19 20 36 
0 1 12 14 16 19 22 36 
0 1 12 14 16 30 37 40 
0 1 12 14 16 31 36 39 
0 1 12 14 17 20 21 35 
0 1 12 14 17 21 22 27 
0 1 12 14 17 21 27 35 
0 1 12 14 17 21 27 37 
0 1 12 14 17 21 31 39 
0 1 12 14 17 32 36 38 
0 1 12 14 19 20 36 42 
0 1 12 14 19 22 28 42 
0 1 12 14 20 24 27 29 
0 1 12 14 21 27 37 42 
0 1 12 14 28 34 38 43 
0 1 12 14 29 32 36 40 
0 1 12 14 30 33 37 40 
0 1 12 14 30 36 37 40 
0 1 12 14 31 36 39 41 
0 1 12 14 31 36 39 43 
0 1 12 14 31 37 38 41 
0 1 12 15 17 19 24 25 
0 1 12 15 17 19 25 34 
0 1 12 15 17 19 25 37 
0 1 12 15 17 20 24 30 
0 1 12 15 17 21 28 38 
0 1 12 15 18 20 22 31 
0 1 12 15 19 20 22 28 
0 1 12 15 19 21 29 34 
0 1 12 15 19 23 25 28 
0 1 12 15 19 28 38 40 
0 1 12 15 20 22 24 28 
0 1 12 15 20 30 39 43 
0 1 12 15 20 32 36 38 
0 1 12 15 24 28 38 40 
0 1 12 15 27 35 39 44 
0 1 12 15 28 36 38 40 
0 1 12 15 29 33 35 38 
0 1 12 16 18 21 23 31 
0 1 12 16 18 21 24 31 
0 1 12 16 18 21 26 39 
0 1 12 16 18 21 31 38 
0 1 12 16 18 21 31 39 
0 1 12 16 18 23 25 26 
0 1 12 16 18 23 26 36 
0 1 12 16 18 31 36 39 
0 1 12 16 19 21 29 35 
0 1 12 16 20 22 25 39 
0 1 12 16 25 36 39 44 
0 1 12 16 26 36 39 44 
0 1 12 16 26 37 39 40 
0 1 12 16 29 31 36 39 
0 1 12 16 30 33 36 38 
0 1 12 16 31 33 36 39 
0 1 12 16 31 36 39 44 
0 1 12 16 33 37 38 43 
0 1 12 16 36 38 43 44 
0 1 12 17 19 27 33 42 
0 1 12 17 20 24 26 30 
0 1 12 17 24 26 32 42 
0 1 12 17 25 27 31 34 
0 1 12 17 25 36 40 43 
0 1 12 17 32 35 36 38 
0 1 12 17 32 36 37 39 
0 1 12 17 32 36 38 39 
0 1 12 17 32 36 39 44 
0 1 12 18 21 26 28 41 
0 1 12 18 21 31 39 41 
0 1 12 18 22 26 29 31 
0 1 12 18 22 31 38 43 
0 1 12 18 22 33 36 38 
0 1 12 18 26 30 33 35 
0 1 12 18 26 36 39 41 
0 1 12 18 27 32 34 42 
0 1 12 18 31 34 36 38 
0 1 12 18 31 36 38 41 
0 1 12 18 33 34 38 43 
0 1 12 19 28 32 40 42 
0 1 12 19 29 37 42 43 
0 1 12 19 30 36 41 44 
0 1 12 19 32 40 41 42 
0 1 12 20 24 26 29 39 
0 1 12 20 25 36 40 43 
0 1 12 20 25 36 42 43 
0 1 12 20 27 35 41 44 
0 1 12 20 27 36 40 43 
0 1 12 20 29 39 43 44 
0 1 12 20 30 36 40 43 
0 1 12 20 30 37 41 43 
0 1 12 21 23 25 28 31 
0 1 12 21 23 28 36 42 
0 1 12 21 27 29 31 34 
0 1 12 21 27 37 41 44 
0 1 12 21 28 32 38 43 
0 1 12 21 28 34 38 43 
0 1 12 21 30 37 40 44 
0 1 12 22 25 29 30 31 
0 1 12 22 25 30 39 41 
0 1 12 22 25 31 39 41 
0 1 12 22 25 36 38 40 
0 1 12 22 25 37 39 41 
0 1 12 22 26 27 29 35 
0 1 12 22 26 28 31 39 
0 1 12 22 26 29 31 39 
0 1 12 22 26 37 39 42 
0 1 12 23 25 28 32 38 
0 1 12 23 26 28 30 36 
0 1 12 23 28 36 42 43 
0 1 12 24 26 30 37 40 
0 1 12 24 27 29 31 37 
0 1 12 24 27 37 39 41 
0 1 12 24 28 37 38 43 
0 1 12 24 29 37 39 43 
0 1 12 24 31 32 40 42 
0 1 12 25 28 34 38 43 
0 1 12 25 29 31 34 39 
0 1 12 26 30 35 36 43 
0 1 12 27 29 32 35 36 
0 1 12 28 31 33 35 37 
0 1 13 14 17 20 22 35 
0 1 13 14 24 37 39 42 
0 1 13 15 16 18 22 26 
0 1 13 15 18 24 34 38 
0 1 13 15 19 20 22 30 
0 1 13 15 19 22 25 30 
0 1 13 15 19 22 30 35 
0 1 13 15 19 22 30 40 
0 1 13 15 19 30 37 40 
0 1 13 15 20 23 24 40 
0 1 13 15 21 24 31 41 
0 1 13 15 26 30 37 40 
0 1 13 15 27 30 35 39 
0 1 13 15 29 32 36 40 
0 1 13 15 30 34 37 40 
0 1 13 15 30 37 40 41 
0 1 13 15 35 37 41 42 
0 1 13 16 17 24 26 40 
0 1 13 16 18 21 23 27 
0 1 13 16 19 21 23 30 
0 1 13 16 20 22 27 30 
0 1 13 16 20 22 27 37 
0 1 13 16 21 23 27 30 
0 1 13 16 21 35 39 44 
0 1 13 16 22 24 31 41 
0 1 13 16 23 35 37 41 
0 1 13 16 27 37 39 41 
0 1 13 16 35 38 40 44 
0 1 13 17 20 22 23 31 
0 1 13 17 20 22 27 28 
0 1 13 17 20 22 28 32 
0 1 13 17 20 22 28 36 
0 1 13 17 23 24 26 31 
0 1 13 17 23 25 28 32 
0 1 13 17 24 26 27 32 
0 1 13 17 24 36 39 44 
0 1 13 17 25 31 36 43 
0 1 13 17 29 35 38 43 
0 1 13 17 31 36 38 42 
0 1 13 17 32 35 37 38 
0 1 13 17 32 35 37 39 
0 1 13 17 35 38 43 44 
0 1 13 18 22 32 38 43 
0 1 13 18 24 34 38 43 
0 1 13 18 27 33 35 42 
0 1 13 18 27 35 39 43 
0 1 13 18 27 36 38 42 
0 1 13 19 21 24 28 35 
0 1 13 19 21 30 35 42 
0 1 13 19 22 24 28 38 
0 1 13 19 26 31 35 43 
0 1 13 19 30 33 35 37 
0 1 13 20 22 24 27 30 
0 1 13 20 23 24 29 31 
0 1 13 20 23 25 29 31 
0 1 13 20 23 29 31 41 
0 1 13 20 24 27 29 35 
0 1 13 20 25 29 35 43 
0 1 13 20 28 35 41 44 
0 1 13 20 31 33 36 37 
0 1 13 20 31 35 37 42 
0 1 13 20 31 36 39 41 
0 1 13 21 23 27 30 32 
0 1 13 21 23 27 30 35 
0 1 13 21 23 27 30 41 
0 1 13 21 23 28 29 32 
0 1 13 21 24 26 30 31 
0 1 13 21 24 36 38 40 
0 1 13 21 25 36 39 41 
0 1 13 21 27 29 32 36 
0 1 13 21 29 34 39 43 
0 1 13 21 29 36 40 43 
0 1 13 21 30 32 35 39 
0 1 13 21 30 33 35 39 
0 1 13 21 30 33 40 44 
0 1 13 21 30 35 39 43 
0 1 13 21 30 35 40 42 
0 1 13 22 24 27 28 38 
0 1 13 22 24 28 38 41 
0 1 13 22 24 28 38 43 
0 1 13 22 27 29 35 42 
0 1 13 22 28 32 38 43 
0 1 13 22 31 39 41 42 
0 1 13 23 24 27 29 38 
0 1 13 23 25 29 32 40 
0 1 13 23 26 37 39 41 
0 1 13 23 28 37 39 43 
0 1 13 24 26 30 37 40 
0 1 13 24 28 36 39 44 
0 1 13 25 27 30 35 39 
0 1 13 25 28 30 32 36 
0 1 13 25 28 36 39 41 
0 1 13 25 29 31 36 39 
0 1 13 25 30 35 39 43 
0 1 13 25 31 36 39 41 
0 1 13 25 32 35 41 43 
0 1 13 25 32 36 40 42 
0 1 13 26 30 35 37 40 
0 1 13 27 30 33 35 37 
0 1 14 15 17 22 26 32 
0 1 14 15 18 24 26 31 
0 1 14 15 22 25 27 31 
0 1 14 15 28 34 38 43 
0 1 14 15 29 33 35 38 
0 1 14 15 29 34 36 42 
0 1 14 16 19 20 26 37 
0 1 14 16 19 23 25 33 
0 1 14 16 19 24 28 39 
0 1 14 16 19 28 34 38 
0 1 14 16 20 23 28 35 
0 1 14 16 20 25 28 38 
0 1 14 16 21 34 36 42 
0 1 14 16 22 31 34 41 
0 1 14 16 22 33 36 40 
0 1 14 16 24 31 36 42 
0 1 14 16 26 37 40 44 
0 1 14 16 27 37 39 42 
0 1 14 16 28 36 39 40 
0 1 14 16 29 34 35 38 
0 1 14 16 29 35 38 41 
0 1 14 16 34 37 40 44 
0 1 14 17 18 23 25 33 
0 1 14 17 18 24 26 29 
0 1 14 17 19 25 29 36 
0 1 14 17 21 24 26 32 
0 1 14 17 27 35 39 44 
0 1 14 18 20 25 33 36 
0 1 14 18 21 23 29 33 
0 1 14 18 21 30 32 40 
0 1 14 18 24 26 29 33 
0 1 14 18 24 26 29 36 
0 1 14 18 24 26 29 38 
0 1 14 18 24 34 37 39 
0 1 14 18 27 30 38 40 
0 1 14 18 29 34 37 39 
0 1 14 18 30 35 37 43 
0 1 14 18 34 36 39 44 
0 1 14 18 34 37 39 44 
0 1 14 19 20 22 29 33 
0 1 14 19 21 31 37 42 
0 1 14 19 22 25 29 31 
0 1 14 19 26 35 41 43 
0 1 14 19 34 35 36 42 
0 1 14 19 34 36 42 43 
0 1 14 20 22 25 29 32 
0 1 14 20 24 29 31 32 
0 1 14 20 28 34 38 43 
0 1 14 20 31 34 36 38 
0 1 14 21 25 27 37 42 
0 1 14 21 26 35 41 43 
0 1 14 22 25 29 31 41 
0 1 14 22 26 27 29 35 
0 1 14 22 30 33 40 42 
0 1 14 24 25 33 40 42 
0 1 14 24 26 30 33 41 
0 1 14 24 26 30 37 42 
0 1 14 24 26 31 37 42 
0 1 14 24 26 37 39 42 
0 1 14 24 28 34 38 43 
0 1 14 24 28 37 39 40 
0 1 14 24 30 33 39 41 
0 1 14 24 31 34 40 42 
0 1 14 24 33 40 41 44 
0 1 14 24 34 39 42 43 
0 1 14 25 27 30 31 37 
0 1 14 25 28 36 40 43 
0 1 14 25 31 37 41 44 
0 1 14 26 35 36 41 43 
0 1 14 26 35 37 41 42 
0 1 15 16 17 21 24 34 
0 1 15 16 18 22 27 35 
0 1 15 16 20 22 25 33 
0 1 15 16 21 24 26 28 
0 1 15 16 26 34 39 43 
0 1 15 16 27 37 40 44 
0 1 15 16 28 36 39 41 
0 1 15 16 33 35 37 40 
0 1 15 17 20 24 28 34 
0 1 15 17 20 26 30 38 
0 1 15 17 21 23 26 33 
0 1 15 17 21 24 27 32 
0 1 15 17 21 26 29 39 
0 1 15 17 22 23 26 33 
0 1 15 17 22 23 26 35 
0 1 15 17 22 23 33 42 
0 1 15 17 22 33 37 43 
0 1 15 17 23 26 33 41 
0 1 15 17 25 33 36 40 
0 1 15 17 27 30 35 39 
0 1 15 17 27 33 38 42 
0 1 15 17 28 33 36 40 
0 1 15 17 28 36 39 40 
0 1 15 17 28 36 40 43 
0 1 15 17 33 36 40 44 
0 1 15 18 21 23 25 34 
0 1 15 18 22 27 29 35 
0 1 15 18 25 34 38 40 
0 1 15 18 33 36 40 44 
0 1 15 19 21 24 31 32 
0 1 15 19 22 28 30 40 
0 1 15 19 23 25 28 35 
0 1 15 19 23 34 36 39 
0 1 15 19 25 28 30 37 
0 1 15 19 25 30 37 43 
0 1 15 19 25 32 35 37 
0 1 15 19 28 30 37 40 
0 1 15 19 28 31 39 41 
0 1 15 19 28 35 37 40 
0 1 15 19 28 35 38 40 
0 1 15 19 33 36 38 44 
0 1 15 20 22 23 29 33 
0 1 15 20 22 28 31 32 
0 1 15 20 28 30 39 42 
0 1 15 20 29 34 36 42 
0 1 15 20 30 32 38 41 
0 1 15 20 32 35 36 38 
0 1 15 20 32 36 38 43 
0 1 15 20 33 37 43 44 
0 1 15 21 25 26 28 37 
0 1 15 21 25 27 30 38 
0 1 15 21 26 33 37 43 
0 1 15 21 29 34 39 43 
0 1 15 21 31 34 39 43 
0 1 15 22 25 28 30 34 
0 1 15 22 26 27 29 35 
0 1 15 22 26 28 31 38 
0 1 15 22 27 35 41 44 
0 1 15 22 29 34 36 42 
0 1 15 22 30 34 40 43 
0 1 15 23 24 26 29 33 
0 1 15 23 25 28 30 34 
0 1 15 23 25 28 34 41 
0 1 15 23 25 30 36 42 
0 1 15 23 25 32 35 41 
0 1 15 23 26 28 35 39 
0 1 15 23 28 35 41 44 
0 1 15 23 31 36 42 43 
0 1 15 23 32 35 39 41 
0 1 15 23 33 34 39 43 
0 1 15 23 33 40 42 44 
0 1 15 24 26 28 31 34 
0 1 15 24 27 28 29 35 
0 1 15 24 27 28 30 35 
0 1 15 24 27 28 38 40 
0 1 15 24 27 29 35 42 
0 1 15 24 28 35 40 43 
0 1 15 24 30 35 42 43 
0 1 15 25 26 30 37 43 
0 1 15 25 26 37 39 42 
0 1 15 25 27 29 32 38 
0 1 15 25 27 32 38 41 
0 1 15 25 28 30 34 37 
0 1 15 25 28 30 34 38 
0 1 15 25 28 35 37 41 
0 1 15 25 28 37 39 41 
0 1 15 25 30 34 37 43 
0 1 15 25 30 37 41 43 
0 1 15 25 31 34 38 43 
0 1 15 25 31 37 42 44 
0 1 15 25 32 37 41 43 
0 1 15 25 33 38 42 44 
0 1 15 25 34 38 43 44 
0 1 15 27 29 36 37 40 
0 1 15 27 36 38 40 43 
0 1 16 18 21 27 31 39 
0 1 16 18 22 25 30 35 
0 1 16 18 24 27 31 36 
0 1 16 18 24 31 36 42 
0 1 16 18 26 33 37 40 
0 1 16 18 27 31 36 39 
0 1 16 18 30 35 39 43 
0 1 16 18 31 34 37 41 
0 1 16 19 21 28 32 38 
0 1 16 19 22 24 26 33 
0 1 16 19 23 25 30 33 
0 1 16 19 23 25 31 36 
0 1 16 19 24 26 30 33 
0 1 16 19 24 33 35 39 
0 1 16 20 22 26 29 34 
0 1 16 20 22 29 32 40 
0 1 16 20 22 33 36 38 
0 1 16 20 23 29 31 41 
0 1 16 20 24 34 37 39 
0 1 16 20 25 26 28 39 
0 1 16 20 26 29 38 40 
0 1 16 20 26 34 37 39 
0 1 16 20 27 32 37 43 
0 1 16 20 29 34 37 39 
0 1 16 20 30 32 37 43 
0 1 16 20 32 35 37 38 
0 1 16 20 32 36 37 43 
0 1 16 21 24 27 31 33 
0 1 16 21 24 33 35 39 
0 1 16 21 31 33 39 42 
0 1 16 21 31 34 38 40 
0 1 16 21 34 35 38 44 
0 1 16 22 25 27 35 39 
0 1 16 22 26 28 31 39 
0 1 16 22 26 28 33 36 
0 1 16 22 26 29 31 34 
0 1 16 22 26 29 34 36 
0 1 16 22 26 29 34 43 
0 1 16 22 26 29 38 40 
0 1 16 22 26 31 33 34 
0 1 16 22 26 34 36 39 
0 1 16 22 28 31 39 41 
0 1 16 22 28 35 37 42 
0 1 16 22 28 36 39 41 
0 1 16 22 29 34 36 42 
0 1 16 22 30 33 40 42 
0 1 16 22 31 33 34 41 
0 1 16 22 32 33 40 42 
0 1 16 22 33 34 36 41 
0 1 16 22 33 36 41 43 
0 1 16 23 25 27 30 33 
0 1 16 23 25 27 37 40 
0 1 16 23 25 28 36 42 
0 1 16 23 26 28 32 37 
0 1 16 23 26 34 36 40 
0 1 16 23 31 35 41 44 
0 1 16 24 25 27 29 39 
0 1 16 24 26 27 31 33 
0 1 16 24 26 27 33 41 
0 1 16 24 26 28 31 37 
0 1 16 24 27 31 33 36 
0 1 16 24 27 31 33 41 
0 1 16 24 27 37 39 41 
0 1 16 24 29 31 36 42 
0 1 16 24 29 36 40 43 
0 1 16 24 30 34 41 43 
0 1 16 24 30 36 41 43 
0 1 16 24 31 33 36 42 
0 1 16 24 31 36 42 44 
0 1 16 24 32 34 35 41 
0 1 16 25 26 34 39 43 
0 1 16 25 27 28 32 38 
0 1 16 25 28 33 35 39 
0 1 16 25 32 34 39 42 
0 1 16 25 33 39 43 44 
0 1 16 26 28 36 39 40 
0 1 16 26 28 37 39 42 
0 1 16 26 29 34 38 40 
0 1 16 26 29 38 40 44 
0 1 16 26 30 37 38 43 
0 1 16 26 31 37 39 43 
0 1 16 26 34 39 40 43 
0 1 17 19 20 27 31 40 
0 1 17 19 22 26 32 34 
0 1 17 19 22 31 35 39 
0 1 17 19 23 24 34 37 
0 1 17 19 25 33 36 40 
0 1 17 19 27 30 39 41 
0 1 17 19 27 33 38 42 
0 1 17 19 28 31 39 41 
0 1 17 19 30 33 37 40 
0 1 17 20 21 22 29 35 
0 1 17 20 22 28 29 32 
0 1 17 20 32 36 38 43 
0 1 17 21 23 27 30 35 
0 1 17 21 23 30 35 43 
0 1 17 21 25 34 36 39 
0 1 17 21 31 34 36 39 
0 1 17 21 31 34 39 43 
0 1 17 21 32 36 39 44 
0 1 17 22 23 35 37 42 
0 1 17 23 25 27 32 35 
0 1 17 23 26 27 38 40 
0 1 17 23 26 28 32 38 
0 1 17 23 32 34 41 42 
0 1 17 24 26 30 35 38 
0 1 17 24 30 36 41 44 
0 1 17 24 31 36 42 44 
0 1 17 25 27 30 34 39 
0 1 17 25 27 30 35 39 
0 1 17 25 27 30 39 41 
0 1 17 25 27 31 34 40 
0 1 17 25 27 32 36 39 
0 1 17 25 27 36 39 40 
0 1 17 25 32 35 39 44 
0 1 17 25 32 35 40 44 
0 1 17 25 32 36 39 44 
0 1 17 26 27 30 38 40 
0 1 17 26 27 38 39 41 
0 1 17 26 27 38 40 41 
0 1 17 26 27 38 40 42 
0 1 17 26 28 38 40 41 
0 1 17 26 30 35 38 40 
0 1 17 27 30 37 39 41 
0 1 18 19 24 26 29 33 
0 1 18 19 31 35 38 40 
0 1 18 20 22 25 30 31 
0 1 18 20 23 24 31 36 
0 1 18 20 24 28 31 36 
0 1 18 20 24 28 31 40 
0 1 18 20 24 29 32 39 
0 1 18 20 24 31 36 39 
0 1 18 20 24 34 37 39 
0 1 18 20 27 30 33 41 
0 1 18 20 28 34 41 43 
0 1 18 20 29 34 35 42 
0 1 18 20 30 31 37 42 
0 1 18 20 30 32 38 41 
0 1 18 20 31 34 37 41 
0 1 18 20 31 36 39 43 
0 1 18 21 23 27 31 34 
0 1 18 21 25 30 32 40 
0 1 18 21 27 31 38 43 
0 1 18 21 28 30 32 40 
0 1 18 21 29 31 33 40 
0 1 18 21 31 34 38 40 
0 1 18 21 33 35 37 40 
0 1 18 22 24 26 31 34 
0 1 18 22 24 33 38 43 
0 1 18 22 25 31 33 41 
0 1 18 22 26 28 33 42 
0 1 18 22 27 30 32 38 
0 1 18 22 27 33 36 38 
0 1 18 22 30 32 37 43 
0 1 18 22 30 32 38 41 
0 1 18 22 30 35 38 44 
0 1 18 22 30 36 41 43 
0 1 18 22 32 34 37 38 
0 1 18 22 33 36 38 44 
0 1 18 23 26 33 37 39 
0 1 18 23 32 34 38 42 
0 1 18 24 25 29 33 43 
0 1 18 24 26 27 31 34 
0 1 18 24 26 29 33 43 
0 1 18 24 26 30 37 40 
0 1 18 24 26 31 34 35 
0 1 18 24 26 31 36 42 
0 1 18 24 29 32 36 44 
0 1 18 24 29 33 38 43 
0 1 18 24 30 34 38 43 
0 1 18 24 31 34 38 43 
0 1 18 24 31 34 39 43 
0 1 18 24 31 35 40 43 
0 1 18 24 32 34 39 43 
0 1 18 24 33 34 38 43 
0 1 18 24 34 37 38 39 
0 1 18 25 27 33 36 41 
0 1 18 26 27 29 39 41 
0 1 18 26 29 32 39 41 
0 1 18 26 30 37 39 40 
0 1 18 26 32 34 41 42 
0 1 18 26 33 35 40 42 
0 1 19 20 21 24 31 37 
0 1 19 20 23 30 32 40 
0 1 19 20 25 33 35 42 
0 1 19 20 28 34 41 44 
0 1 19 21 24 30 34 38 
0 1 19 21 26 29 32 41 
0 1 19 21 28 29 34 42 
0 1 19 21 29 30 35 42 
0 1 19 21 29 31 36 42 
0 1 19 21 29 34 39 43 
0 1 19 22 24 31 35 39 
0 1 19 22 27 29 33 42 
0 1 19 22 28 30 35 42 
0 1 19 22 29 31 37 42 
0 1 19 22 29 33 38 44 
0 1 19 22 29 34 36 42 
0 1 19 22 30 32 34 39 
0 1 19 22 30 33 35 39 
0 1 19 22 31 35 39 41 
0 1 19 22 31 35 39 44 
0 1 19 23 25 28 30 33 
0 1 19 23 25 30 33 36 
0 1 19 23 25 30 33 42 
0 1 19 23 25 31 36 39 
0 1 19 23 25 32 35 40 
0 1 19 23 30 31 36 43 
0 1 19 23 30 31 40 43 
0 1 19 24 25 29 32 34 
0 1 19 24 30 32 36 39 
0 1 19 25 28 30 38 42 
0 1 19 25 28 31 39 41 
0 1 19 25 29 32 34 42 
0 1 19 25 29 33 40 42 
0 1 19 25 30 32 33 42 
0 1 19 25 30 32 34 42 
0 1 19 25 30 32 37 42 
0 1 19 25 30 33 35 42 
0 1 19 25 30 33 40 42 
0 1 19 25 31 36 38 41 
0 1 19 25 32 34 41 42 
0 1 19 25 33 34 36 41 
0 1 19 25 33 35 40 42 
0 1 19 26 33 35 41 43 
0 1 19 29 31 39 40 42 
0 1 19 29 34 39 42 43 
0 1 20 21 22 26 35 38 
0 1 20 21 23 28 30 34 
0 1 20 21 24 34 37 39 
0 1 20 21 27 29 32 42 
0 1 20 21 28 31 40 44 
0 1 20 21 32 36 38 43 
0 1 20 22 25 29 32 40 
0 1 20 22 27 33 36 37 
0 1 20 22 27 35 36 39 
0 1 20 22 28 29 31 41 
0 1 20 22 28 29 33 43 
0 1 20 22 29 32 40 44 
0 1 20 22 29 34 35 38 
0 1 20 22 32 34 37 38 
0 1 20 22 33 36 37 40 
0 1 20 23 24 30 32 41 
0 1 20 23 29 31 36 41 
0 1 20 23 30 32 40 41 
0 1 20 24 27 29 32 35 
0 1 20 24 27 30 32 41 
0 1 20 24 28 30 31 33 
0 1 20 24 29 33 35 38 
0 1 20 24 30 32 38 41 
0 1 20 25 29 32 35 43 
0 1 20 25 29 33 40 43 
0 1 20 25 30 34 37 43 
0 1 20 27 29 35 41 42 
0 1 20 28 29 35 41 43 
0 1 20 28 29 39 41 43 
0 1 20 28 30 34 41 43 
0 1 20 28 30 39 41 42 
0 1 20 28 34 36 41 43 
0 1 20 28 34 41 43 44 
0 1 20 29 33 38 43 44 
0 1 20 29 34 38 42 44 
0 1 21 22 23 33 37 40 
0 1 21 22 27 29 31 34 
0 1 21 22 27 29 33 36 
0 1 21 22 27 30 34 44 
0 1 21 22 31 34 38 40 
0 1 21 22 33 36 38 40 
0 1 21 23 26 35 38 39 
0 1 21 23 27 30 35 40 
0 1 21 24 27 29 32 36 
0 1 21 24 27 36 38 40 
0 1 21 24 28 29 34 43 
0 1 21 24 28 30 32 40 
0 1 21 24 29 34 39 43 
0 1 21 26 27 30 34 44 
0 1 21 26 27 31 34 43 
0 1 21 26 29 32 36 44 
0 1 21 26 29 33 35 44 
0 1 21 26 31 37 39 43 
0 1 21 27 29 30 34 44 
0 1 21 27 29 31 34 43 
0 1 21 27 29 32 36 44 
0 1 21 27 30 31 38 43 
0 1 21 27 30 34 35 44 
0 1 21 27 31 34 38 43 
0 1 21 27 31 38 40 43 
0 1 21 27 32 36 43 44 
0 1 21 27 32 37 42 44 
0 1 21 28 29 31 40 44 
0 1 21 28 30 32 40 43 
0 1 21 28 31 32 40 44 
0 1 21 28 31 39 40 44 
0 1 22 23 26 27 37 39 
0 1 22 23 26 35 38 40 
0 1 22 23 28 30 33 42 
0 1 22 23 29 31 41 42 
0 1 22 25 27 30 35 39 
0 1 22 26 27 29 35 41 
0 1 22 26 28 30 33 36 
0 1 22 26 28 30 35 42 
0 1 22 26 28 31 33 38 
0 1 22 26 28 31 35 38 
0 1 22 26 28 31 38 39 
0 1 22 26 29 32 37 44 
0 1 22 27 29 31 39 42 
0 1 22 27 29 34 36 42 
0 1 23 25 28 30 36 42 
0 1 23 25 28 31 35 44 
0 1 24 25 26 34 39 42 
0 1 24 25 27 29 38 39 
0 1 24 25 27 30 37 41 
0 1 24 25 28 31 36 44 
0 1 24 25 29 33 40 43 
0 1 24 25 31 32 41 43 
0 1 24 26 27 31 37 43 
0 1 24 26 28 29 38 39 
0 1 24 26 28 30 37 40 
0 1 24 26 28 36 39 40 
0 1 24 26 32 34 41 42 
0 1 24 28 33 38 43 44 
