0 1 2 4 10 15 22 
0 1 2 5 11 19 26 
0 1 2 5 12 23 29 
0 1 2 6 11 14 21 
0 1 2 7 10 21 25 
0 1 2 10 16 27 34 
0 1 2 13 20 28 34 
0 1 2 14 18 29 32 
0 1 2 17 24 29 35 
0 1 2 18 25 28 33 
0 1 3 5 14 20 30 
0 1 3 5 22 28 29 
0 1 3 6 10 17 25 
0 1 3 6 21 26 30 
0 1 3 7 12 17 25 
0 1 3 7 19 24 29 
0 1 3 8 12 18 24 
0 1 3 8 12 22 32 
0 1 3 9 14 18 30 
0 1 3 9 14 21 36 
0 1 3 12 16 30 32 
0 1 3 12 17 30 34 
0 1 3 15 21 28 32 
0 1 4 5 12 14 20 
0 1 4 5 22 28 30 
0 1 4 6 8 15 25 
0 1 4 6 13 16 24 
0 1 4 6 20 28 31 
0 1 4 7 14 16 33 
0 1 4 8 21 26 35 
0 1 4 9 11 17 23 
0 1 4 9 14 16 20 
0 1 4 10 12 17 23 
0 1 4 10 15 17 29 
0 1 4 10 18 25 36 
0 1 4 10 23 25 30 
0 1 4 11 22 28 36 
0 1 4 13 15 31 33 
0 1 4 15 23 25 32 
0 1 4 18 25 27 33 
0 1 5 7 17 20 28 
0 1 5 7 23 25 34 
0 1 5 8 17 19 32 
0 1 5 10 13 20 36 
0 1 5 11 13 20 34 
0 1 5 12 15 29 31 
0 1 5 19 22 29 31 
0 1 5 22 24 31 34 
0 1 6 8 10 23 26 
0 1 6 8 22 26 35 
0 1 6 9 20 24 36 
0 1 6 10 17 23 35 
0 1 6 13 15 23 34 
0 1 6 16 26 30 35 
0 1 6 19 21 30 33 
0 1 7 9 12 22 26 
0 1 7 9 12 24 28 
0 1 7 9 16 19 33 
0 1 7 9 23 26 33 
0 1 7 10 18 32 34 
0 1 7 11 13 16 30 
0 1 7 24 26 28 29 
0 1 8 10 16 33 34 
0 1 8 11 14 16 20 
0 1 8 12 14 17 27 
0 1 8 12 17 32 35 
0 1 8 12 18 21 23 
0 1 8 13 15 28 34 
0 1 8 18 24 33 35 
0 1 8 20 24 29 35 
0 1 8 22 25 27 31 
0 1 9 10 12 14 31 
0 1 9 10 16 33 35 
0 1 9 14 19 31 35 
0 1 9 15 26 33 36 
0 1 9 21 23 28 34 
0 1 10 14 17 19 25 
0 1 10 14 26 29 31 
0 1 10 18 21 31 33 
0 1 11 21 24 26 30 
0 1 12 15 28 30 32 
0 1 12 16 26 29 31 
0 1 12 19 27 33 36 
0 1 13 17 28 31 36 
0 1 13 19 21 24 28 
0 1 13 21 26 31 35 
0 1 13 21 28 32 35 
0 1 13 23 30 32 34 
0 1 14 20 26 30 35 
0 1 14 22 25 32 34 
0 1 15 17 20 26 30 
0 1 15 21 26 28 34 
0 1 15 21 27 29 34 
0 1 16 23 28 34 36 
0 1 17 24 27 32 36 
0 1 18 22 24 27 30 
0 1 18 22 24 29 34 
0 1 18 24 26 33 34 
