0 1 2 3 7 
0 1 2 3 11 
0 1 2 4 7 
0 1 2 4 9 
0 1 2 4 10 
0 1 2 4 11 
0 1 2 5 7 
0 1 2 5 8 
0 1 2 5 9 
0 1 2 5 10 
0 1 2 6 9 
0 1 2 6 13 
0 1 2 6 14 
0 1 2 7 12 
0 1 2 7 13 
0 1 2 8 11 
0 1 2 8 12 
0 1 2 8 13 
0 1 2 9 12 
0 1 2 10 12 
0 1 2 10 13 
0 1 2 10 14 
0 1 3 4 9 
0 1 3 4 10 
0 1 3 5 7 
0 1 3 5 9 
0 1 3 5 10 
0 1 3 5 11 
0 1 3 5 12 
0 1 3 6 7 
0 1 3 6 10 
0 1 3 6 11 
0 1 3 6 14 
0 1 3 7 8 
0 1 3 7 10 
0 1 3 7 11 
0 1 3 7 12 
0 1 3 7 13 
0 1 3 8 12 
0 1 3 8 14 
0 1 3 9 11 
0 1 3 9 13 
0 1 3 9 14 
0 1 3 10 11 
0 1 3 10 12 
0 1 3 10 14 
0 1 3 11 12 
0 1 4 5 7 
0 1 4 5 13 
0 1 4 6 7 
0 1 4 6 8 
0 1 4 6 9 
0 1 4 6 11 
0 1 4 6 12 
0 1 4 6 13 
0 1 4 6 14 
0 1 4 7 9 
0 1 4 7 14 
0 1 4 8 10 
0 1 4 8 13 
0 1 4 8 14 
0 1 4 9 11 
0 1 4 9 13 
0 1 4 9 14 
0 1 4 10 12 
0 1 4 11 13 
0 1 5 6 8 
0 1 5 6 13 
0 1 5 7 8 
0 1 5 7 10 
0 1 5 7 12 
0 1 5 7 13 
0 1 5 8 10 
0 1 5 8 14 
0 1 5 9 13 
0 1 5 10 12 
0 1 5 10 13 
0 1 5 11 13 
0 1 5 12 14 
0 1 5 13 14 
0 1 6 8 11 
0 1 6 8 12 
0 1 6 9 11 
0 1 6 9 13 
0 1 6 10 13 
0 1 6 11 13 
0 1 6 11 14 
0 1 6 12 13 
0 1 6 12 14 
0 1 7 9 12 
0 1 7 10 12 
0 1 7 10 14 
0 1 7 11 13 
0 1 7 11 14 
0 1 7 12 13 
0 1 7 12 14 
0 1 8 9 11 
0 1 8 9 13 
0 1 8 10 11 
0 1 8 10 12 
0 1 8 11 14 
0 1 9 10 12 
0 1 9 10 13 
0 1 9 11 12 
0 1 9 11 13 
0 1 9 11 14 
0 1 9 12 14 
0 1 9 13 14 
