0 1 2 3 7 12 20 
0 1 2 3 7 16 24 
0 1 2 3 8 13 17 
0 1 2 3 8 21 25 
0 1 2 3 12 16 29 
0 1 2 3 13 21 30 
0 1 2 3 17 25 30 
0 1 2 3 20 24 29 
0 1 2 4 8 20 25 
0 1 2 4 12 16 29 
0 1 2 4 13 18 28 
0 1 2 4 13 20 30 
0 1 2 5 8 23 25 
0 1 2 5 9 13 19 
0 1 2 5 10 21 27 
0 1 2 5 12 21 29 
0 1 2 5 13 19 26 
0 1 2 5 13 20 30 
0 1 2 6 7 23 26 
0 1 2 6 8 22 25 
0 1 2 6 8 23 26 
0 1 2 6 9 16 23 
0 1 2 6 9 19 23 
0 1 2 6 9 23 24 
0 1 2 6 9 23 25 
0 1 2 6 10 14 17 
0 1 2 6 11 19 33 
0 1 2 6 14 17 27 
0 1 2 6 15 23 33 
0 1 2 6 16 23 26 
0 1 2 6 16 23 31 
0 1 2 6 16 23 32 
0 1 2 6 19 23 26 
0 1 2 7 10 18 22 
0 1 2 7 10 20 24 
0 1 2 7 11 14 19 
0 1 2 7 11 19 22 
0 1 2 7 12 16 33 
0 1 2 7 15 24 31 
0 1 2 7 20 24 27 
0 1 2 7 20 24 32 
0 1 2 7 20 24 33 
0 1 2 8 12 14 17 
0 1 2 8 12 15 17 
0 1 2 8 18 23 32 
0 1 2 9 12 16 29 
0 1 2 9 15 26 31 
0 1 2 9 19 22 30 
0 1 2 10 13 17 30 
0 1 2 10 13 20 30 
0 1 2 10 13 28 30 
0 1 2 10 13 29 30 
0 1 2 10 17 23 31 
0 1 2 11 13 27 30 
0 1 2 11 13 28 31 
0 1 2 11 14 28 30 
0 1 2 11 15 28 33 
0 1 2 11 16 28 32 
0 1 2 12 13 27 30 
0 1 2 12 16 26 29 
0 1 2 12 20 29 33 
0 1 2 13 17 27 30 
0 1 2 13 20 27 30 
0 1 2 14 17 25 29 
0 1 2 14 18 26 29 
0 1 2 16 24 29 33 
0 1 2 17 22 25 29 
0 1 2 17 23 27 31 
0 1 2 19 21 24 28 
0 1 2 19 22 24 28 
0 1 2 19 22 26 30 
0 1 2 19 23 28 33 
0 1 3 4 6 18 27 
0 1 3 4 9 13 20 
0 1 3 4 10 18 23 
0 1 3 4 11 20 32 
0 1 3 4 15 20 28 
0 1 3 4 18 25 29 
0 1 3 5 7 17 26 
0 1 3 5 7 18 27 
0 1 3 5 9 17 24 
0 1 3 5 11 17 30 
0 1 3 5 11 18 25 
0 1 3 5 13 17 28 
0 1 3 5 13 19 30 
0 1 3 5 18 25 29 
0 1 3 6 7 15 24 
0 1 3 6 7 18 27 
0 1 3 6 10 14 18 
0 1 3 6 10 18 21 
0 1 3 6 10 18 23 
0 1 3 6 10 18 24 
0 1 3 6 11 18 31 
0 1 3 6 13 17 25 
0 1 3 6 14 18 25 
0 1 3 6 14 18 27 
0 1 3 6 14 18 28 
0 1 3 6 16 23 31 
0 1 3 6 17 25 30 
0 1 3 6 18 23 27 
0 1 3 6 20 24 28 
0 1 3 7 8 15 24 
0 1 3 7 9 20 25 
0 1 3 7 10 18 23 
0 1 3 7 11 20 25 
0 1 3 7 11 20 29 
0 1 3 7 12 17 20 
0 1 3 7 12 20 25 
0 1 3 7 12 20 30 
0 1 3 7 13 18 27 
0 1 3 7 15 19 24 
0 1 3 7 17 22 26 
0 1 3 7 18 22 27 
0 1 3 7 19 24 33 
0 1 3 7 20 25 26 
0 1 3 8 9 20 24 
0 1 3 8 11 17 30 
0 1 3 8 12 14 18 
0 1 3 8 12 18 21 
0 1 3 8 12 18 22 
0 1 3 8 13 17 19 
0 1 3 8 13 17 23 
0 1 3 8 13 17 28 
0 1 3 8 14 18 23 
0 1 3 8 14 18 25 
0 1 3 8 14 18 26 
0 1 3 8 16 20 26 
0 1 3 8 18 22 31 
0 1 3 8 19 21 25 
0 1 3 8 20 24 26 
0 1 3 8 20 24 28 
0 1 3 8 20 24 29 
0 1 3 9 12 20 30 
0 1 3 9 13 18 20 
0 1 3 9 13 20 25 
0 1 3 9 13 20 29 
0 1 3 9 14 18 25 
0 1 3 9 16 20 25 
0 1 3 9 18 20 30 
0 1 3 9 20 21 30 
0 1 3 9 20 25 30 
0 1 3 10 11 15 28 
0 1 3 10 14 17 29 
0 1 3 10 17 21 29 
0 1 3 10 18 23 31 
0 1 3 10 18 24 30 
0 1 3 11 12 17 30 
0 1 3 11 15 16 28 
0 1 3 11 15 28 29 
0 1 3 11 15 28 33 
0 1 3 11 16 20 28 
0 1 3 11 16 28 30 
0 1 3 11 16 28 31 
0 1 3 11 17 25 30 
0 1 3 12 14 20 30 
0 1 3 12 17 21 27 
0 1 3 12 17 27 33 
0 1 3 12 19 29 33 
0 1 3 12 20 24 30 
0 1 3 13 17 28 29 
0 1 3 13 19 21 30 
0 1 3 13 20 24 29 
0 1 3 13 20 26 31 
0 1 3 13 20 29 31 
0 1 3 14 18 25 29 
0 1 3 14 20 26 30 
0 1 3 15 24 31 32 
0 1 3 17 19 25 30 
0 1 3 17 20 24 29 
0 1 3 18 21 23 27 
0 1 3 18 21 25 29 
0 1 3 18 23 24 27 
0 1 3 18 23 25 31 
0 1 3 18 23 27 31 
0 1 3 18 23 28 31 
0 1 4 6 7 14 23 
0 1 4 6 7 17 26 
0 1 4 6 8 18 27 
0 1 4 6 11 17 26 
0 1 4 6 12 18 25 
0 1 4 6 12 21 28 
0 1 4 6 13 21 24 
0 1 4 6 14 16 23 
0 1 4 6 14 18 25 
0 1 4 6 14 23 30 
0 1 4 6 15 17 27 
0 1 4 6 15 22 32 
0 1 4 6 16 18 27 
0 1 4 6 17 18 25 
0 1 4 6 18 25 27 
0 1 4 7 9 17 23 
0 1 4 7 9 22 24 
0 1 4 7 12 17 32 
0 1 4 7 15 17 29 
0 1 4 7 19 24 32 
0 1 4 7 22 24 33 
0 1 4 8 10 16 21 
0 1 4 8 10 18 23 
0 1 4 8 10 22 27 
0 1 4 8 12 17 32 
0 1 4 8 12 18 33 
0 1 4 8 16 18 29 
0 1 4 8 18 20 29 
0 1 4 9 11 17 23 
0 1 4 9 15 17 27 
0 1 4 9 15 22 32 
0 1 4 9 19 21 27 
0 1 4 9 20 26 33 
0 1 4 10 12 15 17 
0 1 4 10 12 17 20 
0 1 4 10 12 17 31 
0 1 4 10 12 17 32 
0 1 4 10 13 27 29 
0 1 4 10 15 17 23 
0 1 4 10 15 17 26 
0 1 4 10 15 17 27 
0 1 4 10 16 18 23 
0 1 4 10 18 23 25 
0 1 4 10 19 21 26 
0 1 4 10 20 22 27 
0 1 4 11 12 14 29 
0 1 4 11 13 18 19 
0 1 4 11 20 28 33 
0 1 4 11 21 23 29 
0 1 4 12 14 19 29 
0 1 4 12 14 22 29 
0 1 4 12 14 28 29 
0 1 4 12 17 25 32 
0 1 4 12 18 20 25 
0 1 4 12 18 23 25 
0 1 4 12 18 25 33 
0 1 4 12 19 21 29 
0 1 4 12 19 29 32 
0 1 4 12 19 29 33 
0 1 4 12 20 22 29 
0 1 4 12 21 23 28 
0 1 4 13 17 27 32 
0 1 4 14 17 27 29 
0 1 4 15 17 27 29 
0 1 4 16 21 25 27 
0 1 4 17 18 23 25 
0 1 4 17 20 27 29 
0 1 4 17 24 29 32 
0 1 4 18 23 25 31 
0 1 5 6 7 15 18 
0 1 5 6 22 25 33 
0 1 5 7 8 18 27 
0 1 5 7 9 17 20 
0 1 5 7 9 21 24 
0 1 5 7 10 18 19 
0 1 5 7 14 22 25 
0 1 5 7 15 18 27 
0 1 5 7 15 18 30 
0 1 5 7 18 24 27 
0 1 5 7 19 24 32 
0 1 5 7 21 24 33 
0 1 5 7 22 25 30 
0 1 5 7 22 25 33 
0 1 5 8 10 16 22 
0 1 5 8 10 21 27 
0 1 5 8 11 18 20 
0 1 5 8 14 22 24 
0 1 5 8 14 23 25 
0 1 5 8 15 17 28 
0 1 5 8 15 22 33 
0 1 5 8 17 19 29 
0 1 5 8 18 20 29 
0 1 5 8 18 22 33 
0 1 5 8 22 23 33 
0 1 5 8 22 24 30 
0 1 5 8 22 24 33 
0 1 5 8 23 25 29 
0 1 5 9 13 16 33 
0 1 5 9 15 21 32 
0 1 5 10 12 15 18 
0 1 5 10 12 26 29 
0 1 5 10 13 28 30 
0 1 5 10 15 26 32 
0 1 5 10 16 18 32 
0 1 5 10 18 24 32 
0 1 5 10 18 29 32 
0 1 5 10 18 32 33 
0 1 5 11 13 17 20 
0 1 5 11 13 27 30 
0 1 5 11 15 23 32 
0 1 5 11 17 25 32 
0 1 5 12 21 29 31 
0 1 5 13 15 16 22 
0 1 5 13 16 26 33 
0 1 5 14 15 26 32 
0 1 5 14 16 22 32 
0 1 5 14 22 32 33 
0 1 5 15 17 25 28 
0 1 5 15 17 26 32 
0 1 5 15 18 27 29 
0 1 5 15 21 23 32 
0 1 5 15 22 25 33 
0 1 5 15 22 30 33 
0 1 5 15 22 31 33 
0 1 5 15 23 26 32 
0 1 5 15 23 28 32 
0 1 5 16 22 25 27 
0 1 5 16 22 30 32 
0 1 5 17 20 24 26 
0 1 5 17 20 28 30 
0 1 5 18 20 24 27 
0 1 5 18 22 25 33 
0 1 5 18 23 24 32 
0 1 5 18 24 25 27 
0 1 5 18 24 27 32 
0 1 5 18 24 30 32 
0 1 6 7 9 17 21 
0 1 6 7 9 19 23 
0 1 6 7 10 18 20 
0 1 6 7 18 22 32 
0 1 6 7 20 24 32 
0 1 6 7 21 23 31 
0 1 6 8 9 19 23 
0 1 6 8 10 18 21 
0 1 6 8 10 23 26 
0 1 6 8 12 18 21 
0 1 6 8 12 22 25 
0 1 6 8 12 25 28 
0 1 6 8 15 18 19 
0 1 6 8 15 18 31 
0 1 6 8 17 18 21 
0 1 6 8 17 20 30 
0 1 6 8 18 20 31 
0 1 6 8 18 21 31 
0 1 6 8 22 25 29 
0 1 6 8 22 25 31 
0 1 6 9 13 23 25 
0 1 6 9 13 24 26 
0 1 6 9 17 21 33 
0 1 6 9 19 23 33 
0 1 6 9 23 25 27 
0 1 6 9 23 25 30 
0 1 6 10 12 24 27 
0 1 6 10 12 27 30 
0 1 6 10 13 18 33 
0 1 6 10 13 27 29 
0 1 6 10 14 17 32 
0 1 6 10 17 21 32 
0 1 6 10 17 30 32 
0 1 6 10 17 31 32 
0 1 6 10 18 21 33 
0 1 6 11 14 18 20 
0 1 6 11 15 18 32 
0 1 6 11 15 22 32 
0 1 6 11 15 27 32 
0 1 6 11 15 32 33 
0 1 6 12 14 24 31 
0 1 6 13 15 23 31 
0 1 6 13 21 23 31 
0 1 6 14 16 19 23 
0 1 6 14 16 20 23 
0 1 6 14 16 23 31 
0 1 6 14 18 25 32 
0 1 6 14 23 30 33 
0 1 6 15 17 27 30 
0 1 6 15 17 27 31 
0 1 6 15 22 26 32 
0 1 6 15 24 28 32 
0 1 6 16 18 27 30 
0 1 6 16 21 23 31 
0 1 6 17 19 27 31 
0 1 6 18 20 24 27 
0 1 6 18 20 28 31 
0 1 6 18 21 25 32 
0 1 6 19 23 24 26 
0 1 6 19 23 25 26 
0 1 6 19 23 26 33 
0 1 6 19 23 31 33 
0 1 6 19 23 32 33 
0 1 6 21 23 24 31 
0 1 7 10 12 23 27 
0 1 7 10 18 20 30 
0 1 7 10 23 27 29 
0 1 7 11 13 16 33 
0 1 7 11 14 16 33 
0 1 7 11 15 27 32 
0 1 7 11 15 29 32 
0 1 7 12 14 23 31 
0 1 7 12 15 17 21 
0 1 7 14 23 29 31 
0 1 7 15 19 21 24 
0 1 7 15 19 22 24 
0 1 7 15 19 24 32 
0 1 7 15 20 31 32 
0 1 7 17 21 23 26 
0 1 7 17 21 29 32 
0 1 7 17 22 31 33 
0 1 7 18 20 27 30 
0 1 7 18 22 24 27 
0 1 7 18 22 25 27 
0 1 7 18 22 27 32 
0 1 7 18 22 30 32 
0 1 7 19 20 24 32 
0 1 7 20 24 25 32 
0 1 8 10 11 17 30 
0 1 8 10 12 26 29 
0 1 8 10 13 17 28 
0 1 8 10 13 19 30 
0 1 8 10 14 19 31 
0 1 8 10 17 29 31 
0 1 8 11 12 17 32 
0 1 8 11 13 15 17 
0 1 8 11 13 17 20 
0 1 8 11 13 17 27 
0 1 8 11 13 17 28 
0 1 8 11 15 17 22 
0 1 8 11 15 17 29 
0 1 8 11 15 17 30 
0 1 8 11 15 28 33 
0 1 8 11 17 28 30 
0 1 8 11 23 25 29 
0 1 8 12 14 17 27 
0 1 8 12 14 17 32 
0 1 8 12 16 18 21 
0 1 8 12 17 29 32 
0 1 8 12 18 21 23 
0 1 8 12 23 25 28 
0 1 8 13 15 25 31 
0 1 8 13 17 28 32 
0 1 8 13 25 27 31 
0 1 8 14 16 26 31 
0 1 8 14 18 20 23 
0 1 8 14 18 21 23 
0 1 8 14 18 23 32 
0 1 8 14 25 27 30 
0 1 8 14 25 30 33 
0 1 8 17 18 21 23 
0 1 8 17 19 29 31 
0 1 8 17 20 28 30 
0 1 8 17 21 29 32 
0 1 8 17 22 28 32 
0 1 8 17 27 28 30 
0 1 8 17 27 29 31 
0 1 8 17 28 29 32 
0 1 8 17 28 30 32 
0 1 8 17 29 31 32 
0 1 8 18 20 25 31 
0 1 8 18 20 26 31 
0 1 8 18 20 29 31 
0 1 8 18 21 23 27 
0 1 8 18 21 29 33 
0 1 8 18 22 24 27 
0 1 9 10 12 16 29 
0 1 9 10 15 28 32 
0 1 9 11 12 16 29 
0 1 9 11 13 15 18 
0 1 9 11 15 18 30 
0 1 9 11 15 27 32 
0 1 9 11 22 26 29 
0 1 9 12 14 18 19 
0 1 9 12 14 18 28 
0 1 9 12 16 29 33 
0 1 9 12 19 29 33 
0 1 9 12 25 27 29 
0 1 9 12 27 29 33 
0 1 9 12 28 29 33 
0 1 9 13 18 28 32 
0 1 9 14 16 25 31 
0 1 9 15 19 27 32 
0 1 9 16 22 30 33 
0 1 9 17 21 27 32 
0 1 9 18 20 25 31 
0 1 9 18 24 29 31 
0 1 9 18 28 29 31 
0 1 9 18 28 30 32 
0 1 10 12 14 17 20 
0 1 10 12 15 18 22 
0 1 10 12 17 18 31 
0 1 10 12 17 23 31 
0 1 10 12 17 25 31 
0 1 10 12 21 27 30 
0 1 10 12 22 26 29 
0 1 10 12 26 29 33 
0 1 10 12 27 30 33 
0 1 10 13 15 17 21 
0 1 10 13 15 17 23 
0 1 10 13 18 20 24 
0 1 10 13 21 28 30 
0 1 10 13 23 27 29 
0 1 10 13 27 29 33 
0 1 10 14 15 17 23 
0 1 10 14 16 27 32 
0 1 10 14 27 32 33 
0 1 10 15 17 23 31 
0 1 10 15 18 22 24 
0 1 10 15 19 26 32 
0 1 10 15 22 26 32 
0 1 10 15 23 28 32 
0 1 10 15 24 28 32 
0 1 10 15 26 28 32 
0 1 10 15 27 31 33 
0 1 10 16 18 20 23 
0 1 10 17 18 29 31 
0 1 10 17 21 26 32 
0 1 10 17 21 27 32 
0 1 10 17 21 29 31 
0 1 10 17 21 29 32 
0 1 10 17 23 29 31 
0 1 10 17 24 30 32 
0 1 10 18 22 29 32 
0 1 11 12 13 17 20 
0 1 11 12 26 29 33 
0 1 11 13 16 20 28 
0 1 11 13 17 20 25 
0 1 11 13 21 27 30 
0 1 11 13 26 28 31 
0 1 11 14 16 20 28 
0 1 11 14 22 29 31 
0 1 11 14 26 28 30 
0 1 11 15 17 22 25 
0 1 11 15 25 28 33 
0 1 11 15 26 27 32 
0 1 11 16 20 28 32 
0 1 11 17 25 29 32 
0 1 11 18 26 30 32 
0 1 11 19 28 32 33 
0 1 11 20 27 28 32 
0 1 11 20 28 29 32 
0 1 12 14 17 18 27 
0 1 12 14 17 21 27 
0 1 12 14 17 23 27 
0 1 12 15 17 19 25 
0 1 12 15 17 21 27 
0 1 12 15 19 21 29 
0 1 12 16 19 21 29 
0 1 12 16 26 27 29 
0 1 12 16 26 28 29 
0 1 12 16 26 29 33 
0 1 12 17 19 25 31 
0 1 12 17 21 27 32 
0 1 12 17 25 27 31 
0 1 12 17 25 28 32 
0 1 12 17 25 29 32 
0 1 12 17 25 31 32 
0 1 12 18 20 21 25 
0 1 12 18 20 22 25 
0 1 12 18 20 25 31 
0 1 12 18 22 27 32 
0 1 12 18 24 26 31 
0 1 12 18 26 28 31 
0 1 12 19 21 29 31 
0 1 12 19 26 29 33 
0 1 12 21 28 29 31 
0 1 13 16 24 28 33 
0 1 13 17 20 23 25 
0 1 13 17 23 27 32 
0 1 13 17 25 28 33 
0 1 13 18 20 24 27 
0 1 13 19 20 22 30 
0 1 13 19 25 27 30 
0 1 14 17 18 27 29 
0 1 14 17 19 23 27 
0 1 14 17 23 27 29 
0 1 14 17 23 27 32 
0 1 14 17 25 27 29 
0 1 14 17 25 29 32 
0 1 14 18 20 22 25 
0 1 14 18 20 23 28 
0 1 14 18 26 28 29 
0 1 14 19 25 27 31 
0 1 15 17 21 24 29 
0 1 15 17 22 26 32 
0 1 15 17 24 27 30 
0 1 15 17 25 28 29 
0 1 15 18 21 23 25 
0 1 15 18 22 23 24 
0 1 15 18 22 24 27 
0 1 15 18 22 24 30 
0 1 15 18 23 25 31 
0 1 15 18 23 28 32 
0 1 15 18 26 28 30 
0 1 15 22 26 31 32 
0 1 15 23 28 32 33 
0 1 16 17 20 27 29 
0 1 16 17 21 23 26 
0 1 16 17 22 24 31 
0 1 16 17 25 28 30 
0 1 16 18 22 27 32 
0 1 16 21 24 28 33 
0 1 16 22 26 30 33 
0 1 17 20 22 24 26 
0 1 17 20 23 25 30 
0 1 17 20 28 29 30 
0 1 17 21 23 27 32 
0 1 17 21 25 29 32 
0 1 18 20 22 24 27 
0 1 18 20 23 25 31 
0 1 18 20 23 27 33 
0 1 18 21 23 27 33 
0 1 18 21 25 29 33 
0 1 18 22 27 32 33 
