0 1 2 5 24 33 36 44 
0 1 2 6 7 16 19 27 
0 1 2 6 14 30 33 40 
0 1 2 7 15 18 27 46 
0 1 2 11 18 21 37 45 
0 1 2 24 32 35 44 45 
0 1 3 5 11 18 24 40 
0 1 3 5 16 22 40 42 
0 1 3 6 10 15 23 34 
0 1 3 6 18 22 41 42 
0 1 3 7 11 23 32 37 
0 1 3 7 12 20 24 34 
0 1 3 7 15 20 25 41 
0 1 3 8 9 27 37 41 
0 1 3 8 12 17 21 27 
0 1 3 8 25 28 34 38 
0 1 3 9 19 30 33 45 
0 1 3 10 11 15 33 39 
0 1 3 16 20 28 38 43 
0 1 3 24 30 34 36 41 
0 1 4 6 13 21 31 39 
0 1 4 6 22 30 37 39 
0 1 4 7 9 19 22 33 
0 1 4 8 23 33 35 44 
0 1 4 9 16 22 24 39 
0 1 4 10 12 17 32 36 
0 1 4 10 16 18 23 29 
0 1 4 12 28 30 43 44 
0 1 4 13 18 20 24 28 
0 1 4 17 30 32 42 44 
0 1 4 18 27 29 37 44 
0 1 4 23 32 35 43 48 
0 1 5 6 7 29 37 40 
0 1 5 6 15 18 26 48 
0 1 5 7 16 19 24 29 
0 1 5 11 13 20 33 36 
0 1 5 13 29 32 39 48 
0 1 5 15 17 23 26 30 
0 1 5 17 20 31 41 47 
0 1 5 23 29 39 40 42 
0 1 5 23 30 33 35 41 
0 1 6 7 10 18 34 36 
0 1 6 7 20 22 38 46 
0 1 6 8 9 17 21 31 
0 1 6 8 18 20 33 46 
0 1 6 13 21 23 32 46 
0 1 6 14 17 26 45 48 
0 1 6 15 17 27 42 46 
0 1 6 17 20 38 40 42 
0 1 7 9 12 22 26 38 
0 1 7 11 23 36 39 41 
0 1 7 11 24 27 29 41 
0 1 7 12 16 18 26 29 
0 1 7 12 22 30 34 47 
0 1 8 9 11 14 26 30 
0 1 8 9 28 32 44 47 
0 1 8 10 11 21 27 45 
0 1 8 10 12 30 33 44 
0 1 8 10 13 24 28 30 
0 1 8 10 28 34 45 47 
0 1 8 11 32 35 37 41 
0 1 8 12 18 21 23 37 
0 1 8 14 18 20 23 39 
0 1 9 11 14 27 39 43 
0 1 9 13 15 18 39 42 
0 1 9 13 23 41 42 47 
0 1 9 14 16 20 26 47 
0 1 9 15 17 20 27 45 
0 1 9 21 23 26 39 43 
0 1 9 23 25 28 32 38 
0 1 9 25 30 35 43 47 
0 1 10 13 21 43 44 45 
0 1 10 17 20 36 44 48 
0 1 10 26 32 39 45 47 
0 1 11 13 20 28 44 46 
0 1 11 17 35 39 40 47 
0 1 11 19 29 37 44 46 
0 1 11 26 28 34 41 46 
0 1 11 27 30 32 36 42 
0 1 12 16 22 25 42 47 
0 1 12 18 22 25 27 41 
0 1 12 24 28 38 41 43 
0 1 13 18 27 39 43 47 
0 1 13 27 29 32 38 42 
0 1 14 16 32 40 43 44 
0 1 14 17 30 37 39 45 
0 1 14 18 33 38 40 46 
0 1 16 26 30 38 43 47 
0 1 16 27 35 40 44 47 
0 1 17 28 31 41 43 46 
0 1 19 29 33 41 42 44 
0 1 20 22 26 37 40 42 
0 1 20 24 27 33 35 45 
0 1 20 24 36 39 41 42 
0 1 21 24 32 34 38 43 
0 1 21 26 31 34 43 45 
0 1 21 27 32 34 40 46 
0 1 22 26 30 32 37 46 
0 1 23 29 33 38 42 47 
0 1 23 31 34 43 44 48 
