0 1 2 5 12 14 20 
0 1 2 5 13 22 31 
0 1 2 5 14 20 30 
0 1 2 6 8 24 27 
0 1 2 6 9 24 26 
0 1 2 7 10 21 25 
0 1 2 7 16 25 33 
0 1 2 7 21 25 28 
0 1 2 8 11 15 20 
0 1 2 8 18 24 33 
0 1 2 10 13 17 31 
0 1 2 11 14 30 32 
0 1 2 12 14 29 32 
0 1 2 13 17 28 31 
0 1 2 18 23 27 30 
0 1 2 18 24 26 33 
0 1 3 4 9 14 21 
0 1 3 4 19 26 31 
0 1 3 5 11 18 27 
0 1 3 7 9 21 26 
0 1 3 8 12 18 23 
0 1 3 8 14 18 30 
0 1 3 8 17 26 32 
0 1 3 8 21 25 27 
0 1 3 9 13 18 25 
0 1 3 9 21 22 32 
0 1 3 10 14 19 31 
0 1 3 11 12 16 30 
0 1 3 11 14 20 32 
0 1 3 12 18 26 32 
0 1 3 13 21 25 30 
0 1 3 13 21 27 32 
0 1 3 14 20 29 32 
0 1 3 14 21 27 31 
0 1 3 18 23 26 30 
0 1 3 18 23 27 29 
0 1 3 19 22 26 31 
0 1 4 6 10 22 29 
0 1 4 6 19 26 28 
0 1 4 8 10 19 24 
0 1 4 9 11 18 24 
0 1 4 10 12 17 22 
0 1 4 10 12 19 24 
0 1 4 10 12 19 32 
0 1 4 10 15 17 28 
0 1 4 10 21 23 28 
0 1 4 10 22 24 29 
0 1 4 11 13 19 35 
0 1 4 11 17 19 31 
0 1 4 12 21 30 35 
0 1 4 12 22 24 31 
0 1 4 13 14 29 31 
0 1 4 13 19 21 26 
0 1 4 13 19 29 35 
0 1 4 14 19 28 30 
0 1 4 17 19 29 31 
0 1 4 17 22 28 30 
0 1 5 7 11 25 28 
0 1 5 7 15 18 27 
0 1 5 7 16 19 29 
0 1 5 7 23 26 35 
0 1 5 8 14 24 26 
0 1 5 8 17 23 34 
0 1 5 8 23 25 35 
0 1 5 10 16 24 34 
0 1 5 11 13 20 23 
0 1 5 11 14 29 31 
0 1 5 11 19 25 34 
0 1 5 11 20 29 34 
0 1 5 15 16 28 34 
0 1 5 17 23 26 34 
0 1 5 18 21 27 29 
0 1 5 18 25 27 33 
0 1 5 19 25 26 28 
0 1 5 20 23 29 31 
0 1 6 8 10 19 22 
0 1 6 8 14 17 32 
0 1 6 8 18 20 33 
0 1 6 8 23 24 33 
0 1 6 8 23 26 32 
0 1 6 9 11 18 22 
0 1 6 9 13 25 27 
0 1 6 9 20 24 35 
0 1 6 10 16 23 34 
0 1 6 11 15 18 34 
0 1 6 11 18 33 34 
0 1 6 13 15 25 33 
0 1 6 15 24 32 35 
0 1 6 18 20 26 33 
0 1 6 18 23 27 34 
0 1 6 20 24 27 35 
0 1 7 9 15 20 33 
0 1 7 9 18 23 33 
0 1 7 10 12 24 28 
0 1 7 10 14 19 35 
0 1 7 11 14 16 19 
0 1 7 11 14 19 34 
0 1 7 11 23 25 28 
0 1 7 12 16 24 34 
0 1 7 17 23 32 35 
0 1 7 19 23 26 28 
0 1 7 19 23 29 34 
0 1 7 21 25 26 34 
0 1 8 10 14 19 34 
0 1 8 10 16 19 32 
0 1 8 12 18 21 23 
0 1 8 13 15 27 33 
0 1 8 15 27 31 33 
0 1 8 18 21 30 32 
0 1 9 11 12 18 32 
0 1 9 11 14 18 30 
0 1 9 11 18 31 33 
0 1 9 12 14 26 30 
0 1 9 12 16 30 35 
0 1 9 12 26 30 32 
0 1 9 13 15 18 25 
0 1 9 13 25 27 30 
0 1 9 14 16 27 33 
0 1 9 20 22 27 33 
0 1 10 12 16 19 24 
0 1 10 12 16 29 34 
0 1 10 12 24 28 31 
0 1 10 13 14 19 21 
0 1 10 13 29 31 35 
0 1 10 14 17 19 25 
0 1 10 19 22 30 32 
0 1 10 19 26 32 34 
0 1 11 13 23 29 32 
0 1 11 13 28 31 35 
0 1 11 15 16 18 24 
0 1 11 16 18 24 33 
0 1 11 16 19 23 25 
0 1 11 16 28 30 34 
0 1 12 14 18 21 26 
0 1 12 16 27 30 35 
0 1 12 18 20 23 27 
0 1 12 19 22 24 28 
0 1 12 19 24 28 34 
0 1 13 18 21 25 27 
0 1 13 18 25 27 33 
0 1 13 18 27 29 33 
0 1 13 19 21 22 26 
0 1 13 19 26 28 33 
0 1 14 16 19 25 29 
0 1 14 17 24 26 32 
0 1 14 19 25 29 34 
0 1 15 18 27 29 31 
0 1 15 19 26 28 31 
0 1 15 20 25 27 33 
0 1 16 18 23 24 27 
0 1 16 23 28 33 34 
0 1 17 22 26 29 35 
0 1 17 23 25 32 35 
0 1 18 21 23 26 30 
