0 1 2 3 8 12 21 
0 1 2 3 8 13 17 
0 1 2 3 8 22 26 
0 1 2 3 12 16 30 
0 1 2 3 17 26 30 
0 1 2 3 21 25 30 
0 1 2 4 9 14 20 
0 1 2 4 11 16 29 
0 1 2 4 17 25 30 
0 1 2 5 7 15 24 
0 1 2 5 10 16 23 
0 1 2 5 10 22 29 
0 1 2 5 12 14 20 
0 1 2 5 12 22 28 
0 1 2 5 13 20 26 
0 1 2 5 13 21 30 
0 1 2 5 14 19 29 
0 1 2 6 9 16 24 
0 1 2 6 10 13 20 
0 1 2 6 10 14 17 
0 1 2 6 17 24 27 
0 1 2 6 20 24 27 
0 1 2 6 20 25 28 
0 1 2 7 10 18 22 
0 1 2 7 10 20 24 
0 1 2 7 11 19 22 
0 1 2 7 11 20 34 
0 1 2 7 12 16 34 
0 1 2 7 12 20 33 
0 1 2 7 16 24 32 
0 1 2 7 21 25 34 
0 1 2 7 23 24 27 
0 1 2 8 11 15 20 
0 1 2 8 12 14 17 
0 1 2 8 12 15 17 
0 1 2 8 15 27 32 
0 1 2 8 18 23 32 
0 1 2 8 21 26 33 
0 1 2 9 12 17 31 
0 1 2 9 15 25 32 
0 1 2 10 13 14 30 
0 1 2 10 13 17 31 
0 1 2 10 13 20 31 
0 1 2 11 15 29 34 
0 1 2 11 17 24 32 
0 1 2 13 17 27 30 
0 1 2 13 21 28 31 
0 1 2 13 22 30 32 
0 1 2 14 21 27 32 
0 1 2 15 18 26 30 
0 1 2 15 19 27 30 
0 1 2 16 25 29 34 
0 1 2 17 22 26 29 
0 1 2 17 23 25 32 
0 1 2 17 23 28 33 
0 1 2 17 24 27 31 
0 1 2 20 22 25 29 
0 1 2 20 23 25 29 
0 1 2 20 23 27 31 
0 1 2 20 24 29 34 
0 1 3 4 7 12 22 
0 1 3 4 17 27 32 
0 1 3 5 7 17 27 
0 1 3 5 7 18 26 
0 1 3 5 9 16 26 
0 1 3 5 10 18 24 
0 1 3 5 12 16 30 
0 1 3 5 12 22 32 
0 1 3 5 13 14 20 
0 1 3 5 13 21 29 
0 1 3 5 14 20 28 
0 1 3 5 14 23 30 
0 1 3 5 17 25 29 
0 1 3 5 17 25 31 
0 1 3 5 19 25 28 
0 1 3 5 20 26 27 
0 1 3 5 21 27 28 
0 1 3 6 7 15 25 
0 1 3 6 7 16 24 
0 1 3 6 9 13 20 
0 1 3 6 9 24 28 
0 1 3 6 10 16 24 
0 1 3 6 13 21 32 
0 1 3 6 14 15 31 
0 1 3 6 16 23 27 
0 1 3 6 21 25 29 
0 1 3 7 9 20 30 
0 1 3 7 10 22 27 
0 1 3 7 11 15 20 
0 1 3 7 11 16 24 
0 1 3 7 11 16 28 
0 1 3 7 12 17 20 
0 1 3 7 12 20 22 
0 1 3 7 12 20 26 
0 1 3 7 12 20 28 
0 1 3 7 12 22 30 
0 1 3 7 15 20 26 
0 1 3 7 16 25 30 
0 1 3 7 17 27 30 
0 1 3 8 9 19 23 
0 1 3 8 9 21 25 
0 1 3 8 10 14 20 
0 1 3 8 12 18 22 
0 1 3 8 13 17 32 
0 1 3 8 13 19 34 
0 1 3 8 17 23 27 
0 1 3 8 19 23 29 
0 1 3 8 20 25 29 
0 1 3 8 21 27 31 
0 1 3 9 12 21 31 
0 1 3 9 13 14 20 
0 1 3 9 13 15 20 
0 1 3 9 13 20 30 
0 1 3 9 14 21 25 
0 1 3 9 15 26 31 
0 1 3 9 16 21 25 
0 1 3 9 19 23 30 
0 1 3 9 19 24 31 
0 1 3 9 20 21 31 
0 1 3 9 21 25 31 
0 1 3 9 23 27 28 
0 1 3 10 12 14 30 
0 1 3 10 12 16 30 
0 1 3 10 12 18 31 
0 1 3 10 13 14 30 
0 1 3 10 14 18 30 
0 1 3 10 15 28 34 
0 1 3 11 15 16 29 
0 1 3 11 20 24 29 
0 1 3 11 20 25 32 
0 1 3 12 16 28 30 
0 1 3 12 17 25 32 
0 1 3 12 18 26 31 
0 1 3 13 17 22 28 
0 1 3 13 19 24 28 
0 1 3 13 20 27 32 
0 1 3 14 21 26 30 
0 1 3 15 19 28 30 
0 1 3 15 22 27 32 
0 1 3 16 19 26 30 
0 1 3 16 24 29 34 
0 1 3 17 19 23 28 
0 1 3 17 20 25 29 
0 1 3 17 23 27 28 
0 1 3 17 23 27 30 
0 1 3 17 23 27 31 
0 1 3 17 23 28 32 
0 1 3 20 22 26 27 
0 1 3 20 22 27 32 
0 1 4 5 11 13 19 
0 1 4 5 11 13 21 
0 1 4 5 19 27 29 
0 1 4 5 21 27 29 
0 1 4 6 7 17 27 
0 1 4 6 7 18 26 
0 1 4 6 11 15 23 
0 1 4 6 11 19 27 
0 1 4 6 11 24 27 
0 1 4 6 12 15 22 
0 1 4 6 12 19 26 
0 1 4 6 12 22 32 
0 1 4 6 13 15 23 
0 1 4 6 13 15 31 
0 1 4 6 13 20 31 
0 1 4 6 13 21 25 
0 1 4 6 14 23 34 
0 1 4 6 15 16 23 
0 1 4 6 15 23 29 
0 1 4 6 16 23 27 
0 1 4 6 17 20 27 
0 1 4 6 17 24 27 
0 1 4 6 17 27 32 
0 1 4 6 18 19 28 
0 1 4 6 18 25 26 
0 1 4 6 22 24 31 
0 1 4 6 22 24 32 
0 1 4 7 12 24 26 
0 1 4 7 14 16 31 
0 1 4 7 15 17 30 
0 1 4 7 20 25 27 
0 1 4 8 10 16 21 
0 1 4 8 13 19 33 
0 1 4 8 23 25 30 
0 1 4 8 24 26 29 
0 1 4 9 11 16 22 
0 1 4 9 11 17 21 
0 1 4 9 11 17 32 
0 1 4 9 11 23 29 
0 1 4 9 14 16 33 
0 1 4 9 14 21 33 
0 1 4 9 15 17 29 
0 1 4 9 15 22 34 
0 1 4 9 16 18 29 
0 1 4 9 16 23 33 
0 1 4 9 19 30 32 
0 1 4 9 19 32 33 
0 1 4 9 21 28 34 
0 1 4 10 12 14 19 
0 1 4 10 12 15 17 
0 1 4 10 12 15 28 
0 1 4 10 12 17 21 
0 1 4 10 12 17 24 
0 1 4 10 12 17 25 
0 1 4 10 15 17 23 
0 1 4 10 15 17 27 
0 1 4 10 18 23 25 
0 1 4 10 21 23 28 
0 1 4 10 23 25 28 
0 1 4 11 13 14 19 
0 1 4 11 13 17 31 
0 1 4 11 13 18 19 
0 1 4 11 13 19 34 
0 1 4 11 13 21 30 
0 1 4 11 16 25 33 
0 1 4 11 19 24 33 
0 1 4 11 21 27 34 
0 1 4 11 22 24 30 
0 1 4 12 13 14 19 
0 1 4 12 14 19 30 
0 1 4 12 14 21 30 
0 1 4 12 14 29 30 
0 1 4 12 14 30 32 
0 1 4 12 19 25 34 
0 1 4 12 20 29 34 
0 1 4 13 14 28 30 
0 1 4 13 15 23 30 
0 1 4 13 15 29 31 
0 1 4 13 18 28 34 
0 1 4 14 16 21 27 
0 1 4 14 24 30 32 
0 1 4 14 24 31 33 
0 1 4 15 23 30 33 
0 1 4 16 18 25 31 
0 1 4 16 21 27 29 
0 1 4 16 22 27 29 
0 1 4 17 20 29 31 
0 1 4 18 19 24 26 
0 1 4 19 23 25 28 
0 1 4 19 23 28 33 
0 1 4 19 25 27 32 
0 1 5 7 10 24 27 
0 1 5 7 13 16 30 
0 1 5 7 14 17 25 
0 1 5 7 14 24 27 
0 1 5 7 15 18 24 
0 1 5 7 15 23 26 
0 1 5 7 15 24 27 
0 1 5 7 16 19 32 
0 1 5 7 19 27 30 
0 1 5 7 21 23 32 
0 1 5 7 24 26 27 
0 1 5 8 10 16 22 
0 1 5 8 10 23 29 
0 1 5 8 11 20 22 
0 1 5 8 11 24 26 
0 1 5 8 14 16 26 
0 1 5 8 15 23 34 
0 1 5 8 18 20 29 
0 1 5 8 19 28 30 
0 1 5 9 11 18 21 
0 1 5 9 12 19 34 
0 1 5 9 13 16 34 
0 1 5 9 13 19 33 
0 1 5 9 15 28 33 
0 1 5 10 12 18 21 
0 1 5 10 18 24 33 
0 1 5 10 21 27 33 
0 1 5 11 13 14 29 
0 1 5 11 13 26 29 
0 1 5 11 14 16 28 
0 1 5 11 15 27 33 
0 1 5 11 18 20 32 
0 1 5 11 19 31 33 
0 1 5 11 25 27 28 
0 1 5 12 14 27 30 
0 1 5 12 14 30 32 
0 1 5 12 15 21 23 
0 1 5 12 17 27 33 
0 1 5 13 15 16 22 
0 1 5 14 17 27 29 
0 1 5 15 16 27 33 
0 1 5 15 24 27 33 
0 1 5 16 23 26 34 
0 1 5 16 23 30 32 
0 1 5 18 24 26 33 
0 1 5 19 23 25 28 
0 1 5 19 23 25 32 
0 1 5 19 23 26 34 
0 1 5 19 24 27 34 
0 1 5 19 25 27 28 
0 1 5 20 22 29 32 
0 1 5 21 22 30 33 
0 1 5 21 23 26 29 
0 1 5 21 23 30 32 
0 1 6 7 10 18 20 
0 1 6 7 22 24 32 
0 1 6 8 9 19 23 
0 1 6 8 9 21 25 
0 1 6 8 10 21 24 
0 1 6 8 10 22 25 
0 1 6 8 11 15 24 
0 1 6 8 11 20 24 
0 1 6 8 11 23 27 
0 1 6 8 12 15 25 
0 1 6 8 15 18 19 
0 1 6 8 17 18 21 
0 1 6 8 17 21 33 
0 1 6 8 17 28 31 
0 1 6 8 20 24 33 
0 1 6 8 22 23 32 
0 1 6 9 13 19 33 
0 1 6 9 17 21 34 
0 1 6 9 17 29 31 
0 1 6 9 19 23 34 
0 1 6 9 19 29 33 
0 1 6 9 22 24 31 
0 1 6 9 23 25 29 
0 1 6 10 12 15 28 
0 1 6 10 13 19 21 
0 1 6 10 13 25 27 
0 1 6 10 15 22 33 
0 1 6 10 17 20 33 
0 1 6 10 18 21 34 
0 1 6 10 19 33 34 
0 1 6 11 13 28 32 
0 1 6 11 14 18 20 
0 1 6 11 15 33 34 
0 1 6 11 19 32 34 
0 1 6 11 20 29 33 
0 1 6 12 14 25 32 
0 1 6 13 17 27 33 
0 1 6 13 21 23 32 
0 1 6 13 22 31 33 
0 1 6 14 24 29 33 
0 1 6 15 22 24 32 
0 1 6 15 23 25 32 
0 1 6 15 23 31 34 
0 1 6 16 23 27 33 
0 1 6 16 27 29 33 
0 1 6 17 22 24 32 
0 1 6 18 22 26 33 
0 1 6 19 21 29 32 
0 1 6 20 23 25 27 
0 1 6 20 23 29 31 
0 1 6 20 24 26 33 
0 1 6 20 24 31 33 
0 1 6 20 24 33 34 
0 1 6 22 23 26 33 
0 1 6 22 23 26 34 
0 1 6 22 24 26 33 
0 1 7 9 11 14 26 
0 1 7 9 12 21 25 
0 1 7 9 12 22 26 
0 1 7 9 14 20 32 
0 1 7 9 15 20 32 
0 1 7 9 15 31 32 
0 1 7 9 17 31 32 
0 1 7 9 19 22 31 
0 1 7 10 12 20 24 
0 1 7 10 12 28 32 
0 1 7 10 13 15 31 
0 1 7 10 14 19 34 
0 1 7 10 23 25 31 
0 1 7 11 13 16 28 
0 1 7 11 13 16 34 
0 1 7 11 13 27 30 
0 1 7 11 14 16 19 
0 1 7 11 14 16 24 
0 1 7 11 14 16 28 
0 1 7 11 14 16 34 
0 1 7 11 15 30 33 
0 1 7 11 16 19 33 
0 1 7 11 16 28 33 
0 1 7 11 19 31 33 
0 1 7 11 22 24 27 
0 1 7 11 23 26 28 
0 1 7 12 16 25 33 
0 1 7 13 17 28 33 
0 1 7 13 21 30 32 
0 1 7 13 25 27 32 
0 1 7 13 26 28 31 
0 1 7 14 26 31 34 
0 1 7 15 17 20 24 
0 1 7 15 23 31 33 
0 1 7 16 18 28 31 
0 1 7 17 22 31 34 
0 1 7 18 20 27 32 
0 1 7 19 21 27 32 
0 1 7 20 21 25 33 
0 1 7 20 25 32 34 
0 1 7 22 23 25 27 
0 1 7 22 23 25 31 
0 1 7 22 24 26 27 
0 1 7 23 25 27 28 
0 1 8 9 11 13 29 
0 1 8 9 11 17 31 
0 1 8 9 11 25 31 
0 1 8 9 13 19 33 
0 1 8 9 13 27 33 
0 1 8 9 15 31 33 
0 1 8 10 13 15 19 
0 1 8 10 13 25 29 
0 1 8 11 13 15 17 
0 1 8 11 13 17 21 
0 1 8 11 13 17 31 
0 1 8 11 13 17 32 
0 1 8 11 13 26 32 
0 1 8 11 16 30 34 
0 1 8 11 17 31 33 
0 1 8 12 14 17 27 
0 1 8 12 16 18 21 
0 1 8 12 17 23 33 
0 1 8 12 27 30 33 
0 1 8 13 15 26 32 
0 1 8 13 17 19 33 
0 1 8 14 19 23 33 
0 1 8 14 24 31 34 
0 1 8 16 20 22 25 
0 1 8 16 22 31 33 
0 1 8 16 24 29 33 
0 1 8 17 18 30 32 
0 1 8 20 21 24 26 
0 1 8 20 22 25 26 
0 1 8 20 22 25 29 
0 1 8 20 22 25 31 
0 1 8 20 23 25 29 
0 1 8 20 25 29 33 
0 1 8 21 24 26 30 
0 1 8 21 24 26 32 
0 1 9 10 12 14 29 
0 1 9 10 12 29 31 
0 1 9 10 14 16 33 
0 1 9 10 16 31 33 
0 1 9 11 13 14 29 
0 1 9 11 13 16 30 
0 1 9 11 14 17 21 
0 1 9 11 16 29 32 
0 1 9 11 23 26 30 
0 1 9 12 13 29 34 
0 1 9 12 14 15 19 
0 1 9 12 14 25 29 
0 1 9 12 16 30 34 
0 1 9 12 19 30 32 
0 1 9 12 19 30 34 
0 1 9 12 21 29 31 
0 1 9 12 22 29 31 
0 1 9 12 25 30 32 
0 1 9 12 26 29 31 
0 1 9 13 15 18 25 
0 1 9 13 19 28 33 
0 1 9 13 20 30 32 
0 1 9 13 20 30 33 
0 1 9 13 25 28 30 
0 1 9 14 26 29 33 
0 1 9 15 19 22 24 
0 1 9 15 20 22 32 
0 1 9 16 19 30 32 
0 1 9 17 25 30 32 
0 1 9 19 21 26 32 
0 1 9 19 22 24 28 
0 1 9 19 29 30 32 
0 1 9 19 29 31 33 
0 1 10 11 14 16 28 
0 1 10 11 18 30 32 
0 1 10 12 14 17 20 
0 1 10 12 15 16 28 
0 1 10 12 17 18 32 
0 1 10 12 24 29 32 
0 1 10 12 25 28 31 
0 1 10 13 14 19 21 
0 1 10 13 15 17 21 
0 1 10 13 18 20 24 
0 1 10 13 21 29 31 
0 1 10 14 24 27 29 
0 1 10 14 28 33 34 
0 1 10 16 21 29 33 
0 1 10 16 23 31 34 
0 1 10 16 24 29 33 
0 1 10 17 18 21 23 
0 1 10 17 24 30 32 
0 1 10 18 29 30 32 
0 1 10 18 29 31 33 
0 1 10 20 22 28 31 
0 1 10 20 27 31 33 
0 1 10 22 25 27 29 
0 1 11 13 17 20 25 
0 1 11 13 18 26 32 
0 1 11 14 16 20 28 
0 1 11 14 26 28 30 
0 1 11 15 16 18 24 
0 1 11 15 20 27 33 
0 1 11 15 22 27 33 
0 1 11 15 23 30 32 
0 1 11 15 24 27 29 
0 1 11 15 27 28 30 
0 1 11 15 27 28 33 
0 1 11 16 19 23 25 
0 1 11 18 21 23 27 
0 1 11 19 22 29 31 
0 1 11 19 24 26 32 
0 1 11 21 24 28 30 
0 1 11 21 29 30 33 
0 1 12 14 17 21 27 
0 1 12 15 26 28 30 
0 1 12 16 18 23 26 
0 1 12 16 19 21 29 
0 1 12 16 24 26 29 
0 1 12 16 25 28 30 
0 1 12 16 26 29 34 
0 1 12 18 20 21 25 
0 1 12 18 21 29 31 
0 1 12 18 26 31 33 
0 1 12 19 24 26 32 
0 1 12 20 22 25 29 
0 1 12 20 25 29 33 
0 1 12 20 26 30 33 
0 1 12 20 27 30 34 
0 1 12 20 29 30 33 
0 1 12 21 25 28 30 
0 1 12 21 29 31 34 
0 1 13 15 18 19 26 
0 1 13 15 21 24 31 
0 1 13 17 27 28 30 
0 1 13 17 27 28 33 
0 1 13 19 21 26 32 
0 1 13 20 21 30 32 
0 1 13 20 26 31 34 
0 1 13 21 23 30 32 
0 1 13 21 25 30 32 
0 1 14 16 24 29 33 
0 1 14 16 25 28 31 
0 1 14 17 25 29 34 
0 1 14 18 24 28 33 
0 1 14 18 26 29 34 
0 1 14 20 21 23 31 
0 1 14 20 25 27 32 
0 1 14 20 26 28 31 
0 1 14 21 24 30 32 
0 1 14 24 29 32 33 
0 1 15 17 22 23 26 
0 1 15 17 23 26 30 
0 1 15 18 19 28 30 
0 1 15 18 20 24 28 
0 1 15 18 24 26 31 
0 1 15 18 25 27 31 
0 1 15 19 21 23 26 
0 1 15 19 22 25 27 
0 1 15 19 23 25 28 
0 1 15 19 24 26 32 
0 1 15 19 25 27 32 
0 1 15 20 26 28 32 
0 1 15 23 25 31 32 
0 1 15 24 28 33 34 
0 1 16 18 22 25 30 
0 1 16 18 26 29 30 
0 1 16 19 22 24 26 
0 1 16 19 24 29 33 
0 1 16 21 23 27 33 
0 1 16 21 25 28 34 
0 1 16 21 25 29 33 
0 1 16 22 23 27 33 
0 1 16 22 23 31 33 
0 1 16 22 24 31 34 
0 1 16 22 26 28 33 
0 1 16 22 27 32 34 
0 1 16 23 26 30 34 
0 1 16 23 27 30 33 
0 1 17 18 21 28 30 
0 1 17 18 23 25 32 
0 1 17 20 22 25 29 
0 1 17 21 22 24 27 
0 1 17 21 23 26 28 
0 1 17 22 23 24 32 
0 1 17 22 23 25 32 
0 1 17 22 24 26 32 
0 1 17 23 25 31 32 
0 1 19 21 23 25 28 
0 1 19 21 24 26 32 
0 1 19 21 24 28 34 
0 1 19 22 24 28 34 
0 1 19 22 26 30 34 
0 1 19 23 28 33 34 
