0 1 2 3 5 16 22 40 
0 1 2 3 8 14 18 27 
0 1 2 3 9 13 27 32 
0 1 2 3 10 28 34 45 
0 1 2 3 18 23 37 41 
0 1 2 3 23 32 36 42 
0 1 2 4 8 13 22 32 
0 1 2 4 10 15 20 27 
0 1 2 4 11 16 24 30 
0 1 2 4 15 21 39 46 
0 1 2 5 7 16 29 37 
0 1 2 5 8 16 26 35 
0 1 2 5 10 16 22 29 
0 1 2 5 10 16 28 35 
0 1 2 5 10 22 34 41 
0 1 2 5 10 24 31 37 
0 1 2 5 11 20 27 35 
0 1 2 5 18 27 37 41 
0 1 2 5 19 27 36 42 
0 1 2 6 9 20 22 32 
0 1 2 6 12 15 22 30 
0 1 2 6 13 16 22 30 
0 1 2 6 14 28 31 38 
0 1 2 6 15 18 25 26 
0 1 2 6 26 31 34 38 
0 1 2 7 10 19 23 34 
0 1 2 7 10 20 31 35 
0 1 2 7 11 14 22 30 
0 1 2 7 11 15 27 30 
0 1 2 7 11 19 22 35 
0 1 2 7 13 17 26 46 
0 1 2 7 13 22 30 44 
0 1 2 7 15 19 22 38 
0 1 2 7 26 31 34 38 
0 1 2 8 11 15 31 36 
0 1 2 8 12 15 24 29 
0 1 2 8 12 22 31 44 
0 1 2 8 12 26 31 46 
0 1 2 8 12 31 34 39 
0 1 2 8 15 27 39 44 
0 1 2 9 27 33 44 46 
0 1 2 10 14 17 23 28 
0 1 2 10 15 18 37 41 
0 1 2 11 15 18 21 23 
0 1 2 11 15 18 23 29 
0 1 2 11 15 18 23 42 
0 1 2 11 15 18 23 43 
0 1 2 11 16 19 23 29 
0 1 2 11 18 21 35 43 
0 1 2 11 27 30 34 42 
0 1 2 12 13 17 20 26 
0 1 2 12 18 25 39 44 
0 1 2 12 20 33 42 44 
0 1 2 13 18 34 38 41 
0 1 2 14 18 29 39 42 
0 1 2 14 21 33 39 44 
0 1 2 14 22 29 38 44 
0 1 2 14 23 33 41 44 
0 1 2 14 27 30 38 42 
0 1 2 15 26 30 39 42 
0 1 2 17 22 36 40 46 
0 1 2 17 27 29 40 43 
0 1 2 17 27 36 41 45 
0 1 2 19 22 34 38 42 
0 1 2 19 25 33 38 45 
0 1 2 19 27 33 36 43 
0 1 2 19 27 34 37 43 
0 1 2 19 27 35 38 42 
0 1 2 20 25 34 37 41 
0 1 2 20 26 30 33 38 
0 1 2 20 26 31 34 38 
0 1 2 20 27 33 39 44 
0 1 2 21 26 32 35 39 
0 1 2 22 29 34 39 45 
0 1 2 22 31 35 41 46 
0 1 2 23 24 31 34 43 
0 1 2 23 29 32 36 37 
0 1 2 26 28 31 34 38 
0 1 3 4 10 18 23 39 
0 1 3 4 12 28 33 41 
0 1 3 5 7 18 26 38 
0 1 3 5 7 28 36 37 
0 1 3 5 10 21 29 35 
0 1 3 5 12 18 26 28 
0 1 3 5 12 23 31 37 
0 1 3 5 12 23 33 39 
0 1 3 5 15 21 22 39 
0 1 3 5 20 29 36 42 
0 1 3 5 23 31 37 38 
0 1 3 5 23 31 37 40 
0 1 3 5 23 31 37 43 
0 1 3 6 9 15 19 26 
0 1 3 6 10 22 33 40 
0 1 3 6 11 15 24 31 
0 1 3 6 11 15 30 37 
0 1 3 6 12 25 33 43 
0 1 3 6 15 17 21 40 
0 1 3 6 15 19 30 40 
0 1 3 6 18 19 39 43 
0 1 3 7 9 21 32 37 
0 1 3 7 10 22 34 39 
0 1 3 7 11 16 25 28 
0 1 3 7 11 16 28 30 
0 1 3 7 11 16 28 34 
0 1 3 7 11 16 28 40 
0 1 3 7 11 20 25 32 
0 1 3 7 12 14 22 30 
0 1 3 7 12 16 22 30 
0 1 3 7 12 17 22 30 
0 1 3 7 12 20 22 36 
0 1 3 7 12 21 31 46 
0 1 3 7 12 22 30 34 
0 1 3 7 14 19 24 39 
0 1 3 7 15 20 26 38 
0 1 3 7 16 18 28 42 
0 1 3 7 21 26 38 39 
0 1 3 7 23 33 36 42 
0 1 3 8 9 21 33 37 
0 1 3 8 11 15 24 30 
0 1 3 8 12 16 20 26 
0 1 3 8 12 18 27 34 
0 1 3 8 12 22 32 42 
0 1 3 8 14 18 22 38 
0 1 3 8 14 18 27 30 
0 1 3 8 14 18 27 39 
0 1 3 8 14 18 27 43 
0 1 3 8 22 31 35 37 
0 1 3 8 23 29 34 38 
0 1 3 8 25 29 35 39 
0 1 3 8 27 33 37 39 
0 1 3 9 10 14 26 29 
0 1 3 9 13 24 31 36 
0 1 3 9 14 19 26 46 
0 1 3 9 16 20 32 42 
0 1 3 9 19 21 36 43 
0 1 3 9 19 23 30 35 
0 1 3 9 21 26 33 37 
0 1 3 9 21 28 33 37 
0 1 3 9 21 33 37 43 
0 1 3 9 22 29 33 38 
0 1 3 9 25 30 33 37 
0 1 3 10 11 16 24 28 
0 1 3 10 14 26 30 42 
0 1 3 10 15 18 37 41 
0 1 3 10 15 23 29 46 
0 1 3 10 16 22 39 43 
0 1 3 10 19 23 36 42 
0 1 3 10 28 33 36 44 
0 1 3 11 15 20 27 33 
0 1 3 11 16 23 41 44 
0 1 3 11 26 31 38 44 
0 1 3 11 27 30 36 43 
0 1 3 12 18 20 33 43 
0 1 3 12 27 29 37 43 
0 1 3 13 17 19 24 39 
0 1 3 13 17 22 28 40 
0 1 3 13 22 26 33 42 
0 1 3 13 27 31 38 42 
0 1 3 13 28 29 37 43 
0 1 3 14 16 21 38 42 
0 1 3 14 18 26 31 41 
0 1 3 14 20 38 45 46 
0 1 3 14 27 33 39 43 
0 1 3 16 19 36 40 41 
0 1 3 16 22 31 36 40 
0 1 3 17 18 31 38 42 
0 1 3 17 22 29 37 41 
0 1 3 17 25 28 37 43 
0 1 3 18 28 36 41 44 
0 1 3 19 23 28 34 40 
0 1 3 19 26 27 32 36 
0 1 3 19 27 34 39 44 
0 1 3 20 27 34 38 42 
0 1 3 20 29 32 42 43 
0 1 3 21 26 31 35 42 
0 1 3 23 29 30 34 38 
0 1 3 23 29 31 34 38 
0 1 3 23 29 33 34 41 
0 1 3 23 29 34 38 40 
0 1 3 23 31 32 37 44 
0 1 4 5 8 10 21 33 
0 1 4 5 19 31 42 44 
0 1 4 6 8 15 25 35 
0 1 4 6 9 16 27 34 
0 1 4 6 11 16 30 38 
0 1 4 6 11 22 24 39 
0 1 4 6 11 26 34 35 
0 1 4 6 12 24 31 38 
0 1 4 6 13 21 29 37 
0 1 4 6 13 23 24 39 
0 1 4 6 15 23 35 41 
0 1 4 6 15 28 36 46 
0 1 4 6 16 25 33 40 
0 1 4 6 17 18 25 38 
0 1 4 6 17 24 39 43 
0 1 4 6 17 29 43 44 
0 1 4 6 25 33 35 42 
0 1 4 7 9 14 21 32 
0 1 4 7 9 19 21 32 
0 1 4 7 9 21 22 32 
0 1 4 7 9 21 32 38 
0 1 4 7 9 23 26 36 
0 1 4 7 9 24 25 37 
0 1 4 7 12 14 22 31 
0 1 4 7 12 20 30 45 
0 1 4 7 15 25 34 46 
0 1 4 7 16 18 26 31 
0 1 4 7 19 21 38 43 
0 1 4 7 20 25 37 39 
0 1 4 7 25 32 37 45 
0 1 4 8 10 30 32 43 
0 1 4 8 13 24 26 41 
0 1 4 8 15 30 32 42 
0 1 4 8 27 33 35 38 
0 1 4 8 30 32 35 41 
0 1 4 9 10 21 23 41 
0 1 4 9 11 15 27 34 
0 1 4 9 11 17 23 38 
0 1 4 9 12 26 28 41 
0 1 4 9 14 19 21 25 
0 1 4 9 14 21 29 45 
0 1 4 9 15 17 25 44 
0 1 4 9 15 17 27 34 
0 1 4 9 15 17 29 41 
0 1 4 9 15 20 22 32 
0 1 4 9 15 21 28 46 
0 1 4 9 15 21 38 40 
0 1 4 9 15 25 27 34 
0 1 4 9 15 27 34 46 
0 1 4 9 15 28 30 40 
0 1 4 9 16 28 30 41 
0 1 4 9 21 33 40 46 
0 1 4 9 23 30 36 46 
0 1 4 10 12 17 32 33 
0 1 4 10 12 18 20 25 
0 1 4 10 15 26 28 40 
0 1 4 10 16 18 21 23 
0 1 4 10 16 18 23 27 
0 1 4 10 16 18 23 36 
0 1 4 10 16 18 23 37 
0 1 4 10 17 22 37 45 
0 1 4 10 19 26 34 46 
0 1 4 10 21 32 34 39 
0 1 4 10 21 33 35 40 
0 1 4 11 13 16 33 39 
0 1 4 11 16 17 25 45 
0 1 4 11 22 32 34 42 
0 1 4 12 14 25 32 42 
0 1 4 12 15 20 38 45 
0 1 4 12 16 18 23 38 
0 1 4 12 17 26 28 41 
0 1 4 12 21 26 28 41 
0 1 4 12 25 31 33 38 
0 1 4 12 26 28 41 42 
0 1 4 12 27 32 34 41 
0 1 4 12 28 30 37 43 
0 1 4 13 15 20 21 38 
0 1 4 13 18 20 26 36 
0 1 4 13 19 21 26 37 
0 1 4 13 20 22 37 43 
0 1 4 14 15 20 22 39 
0 1 4 14 16 23 34 42 
0 1 4 14 23 28 30 36 
0 1 4 16 21 34 38 40 
0 1 4 16 26 28 33 39 
0 1 4 17 19 27 36 41 
0 1 4 17 22 37 39 41 
0 1 4 17 26 36 40 46 
0 1 4 18 24 29 31 39 
0 1 4 18 26 35 41 46 
0 1 4 22 24 31 37 43 
0 1 4 22 28 30 35 37 
0 1 4 22 28 31 36 38 
0 1 4 22 28 32 34 39 
0 1 4 23 31 33 39 44 
0 1 5 6 8 25 34 37 
0 1 5 6 16 19 28 45 
0 1 5 7 13 16 23 33 
0 1 5 7 14 17 25 33 
0 1 5 7 14 24 32 35 
0 1 5 7 15 18 26 38 
0 1 5 7 15 23 26 35 
0 1 5 7 15 27 30 43 
0 1 5 7 15 29 32 41 
0 1 5 7 17 25 28 39 
0 1 5 7 18 23 26 38 
0 1 5 7 18 26 38 41 
0 1 5 7 18 30 33 38 
0 1 5 7 23 27 35 38 
0 1 5 8 10 16 34 35 
0 1 5 8 11 24 26 38 
0 1 5 8 11 25 37 39 
0 1 5 8 12 14 29 39 
0 1 5 8 13 31 33 42 
0 1 5 8 14 24 26 41 
0 1 5 8 14 35 36 37 
0 1 5 8 17 19 27 42 
0 1 5 8 19 21 31 46 
0 1 5 8 22 32 34 41 
0 1 5 9 11 16 35 38 
0 1 5 9 11 18 21 33 
0 1 5 9 12 15 28 30 
0 1 5 9 15 21 34 45 
0 1 5 9 18 19 21 41 
0 1 5 9 24 31 42 44 
0 1 5 9 26 32 38 45 
0 1 5 9 29 30 42 45 
0 1 5 9 29 31 34 41 
0 1 5 10 22 25 39 41 
0 1 5 10 24 27 39 41 
0 1 5 10 27 29 41 44 
0 1 5 11 13 28 31 38 
0 1 5 11 14 21 29 46 
0 1 5 11 14 25 40 42 
0 1 5 11 15 27 39 45 
0 1 5 11 17 24 26 44 
0 1 5 11 17 25 43 45 
0 1 5 11 18 20 36 44 
0 1 5 11 19 20 35 45 
0 1 5 11 19 21 36 45 
0 1 5 11 20 23 31 45 
0 1 5 11 26 28 35 44 
0 1 5 11 31 33 34 40 
0 1 5 12 15 17 33 39 
0 1 5 12 15 21 29 46 
0 1 5 12 18 21 37 45 
0 1 5 12 24 26 39 42 
0 1 5 12 27 29 39 45 
0 1 5 13 21 23 38 41 
0 1 5 13 27 30 37 46 
0 1 5 14 17 24 25 46 
0 1 5 14 20 22 25 32 
0 1 5 15 19 36 39 41 
0 1 5 15 23 36 42 45 
0 1 5 15 28 30 36 45 
0 1 5 16 18 38 40 44 
0 1 5 16 19 31 39 41 
0 1 5 17 20 38 39 41 
0 1 5 17 24 27 33 35 
0 1 5 18 21 33 41 43 
0 1 5 19 28 31 33 41 
0 1 5 21 30 34 40 45 
0 1 5 22 25 38 40 41 
0 1 5 23 28 31 35 37 
0 1 5 25 30 33 37 46 
0 1 6 7 10 18 32 34 
0 1 6 7 20 22 36 44 
0 1 6 8 9 19 23 35 
0 1 6 8 10 25 34 37 
0 1 6 8 17 20 21 30 
0 1 6 8 20 31 34 38 
0 1 6 8 21 25 34 37 
0 1 6 8 23 34 37 43 
0 1 6 8 25 33 34 37 
0 1 6 8 26 32 36 39 
0 1 6 9 10 16 34 36 
0 1 6 9 13 16 34 36 
0 1 6 9 13 20 35 37 
0 1 6 9 16 30 34 36 
0 1 6 9 16 32 34 36 
0 1 6 9 18 22 33 46 
0 1 6 9 19 30 34 46 
0 1 6 9 22 24 36 43 
0 1 6 9 26 33 35 37 
0 1 6 10 13 21 29 46 
0 1 6 10 13 24 30 32 
0 1 6 10 14 17 33 35 
0 1 6 10 14 21 28 45 
0 1 6 10 14 26 29 46 
0 1 6 10 17 21 35 45 
0 1 6 10 17 30 31 45 
0 1 6 10 18 21 34 46 
0 1 6 10 21 22 24 40 
0 1 6 10 26 29 38 40 
0 1 6 10 27 32 34 45 
0 1 6 12 14 18 21 37 
0 1 6 12 15 25 41 45 
0 1 6 12 16 25 45 46 
0 1 6 12 19 28 43 45 
0 1 6 12 21 29 43 46 
0 1 6 12 25 29 38 45 
0 1 6 13 15 23 42 44 
0 1 6 13 16 17 19 39 
0 1 6 13 17 20 38 40 
0 1 6 13 17 22 27 45 
0 1 6 14 16 18 21 25 
0 1 6 14 16 26 37 44 
0 1 6 14 18 21 23 37 
0 1 6 14 18 21 37 39 
0 1 6 14 18 21 37 46 
0 1 6 14 18 37 38 40 
0 1 6 14 25 32 34 44 
0 1 6 15 17 35 40 43 
0 1 6 15 22 26 35 45 
0 1 6 16 18 33 40 44 
0 1 6 16 23 34 36 44 
0 1 6 16 26 36 40 45 
0 1 6 16 28 32 39 45 
0 1 6 18 22 34 38 45 
0 1 6 20 30 32 41 45 
0 1 6 21 29 31 40 43 
0 1 6 22 28 30 34 37 
0 1 6 25 30 33 37 46 
0 1 7 8 10 23 26 43 
0 1 7 8 12 29 32 45 
0 1 7 9 10 28 31 43 
0 1 7 9 11 14 26 38 
0 1 7 9 11 26 31 44 
0 1 7 9 12 25 35 39 
0 1 7 9 12 27 31 41 
0 1 7 9 12 29 33 43 
0 1 7 9 17 29 32 43 
0 1 7 9 21 24 38 43 
0 1 7 9 23 26 38 43 
0 1 7 10 12 14 31 39 
0 1 7 10 12 26 30 39 
0 1 7 10 13 15 26 30 
0 1 7 10 14 30 35 46 
0 1 7 10 15 32 34 36 
0 1 7 10 22 30 41 43 
0 1 7 10 25 27 35 43 
0 1 7 11 13 22 27 30 
0 1 7 11 13 30 33 38 
0 1 7 11 14 23 28 46 
0 1 7 11 15 24 27 29 
0 1 7 11 18 34 36 39 
0 1 7 11 19 22 24 38 
0 1 7 11 19 26 31 45 
0 1 7 11 21 30 43 46 
0 1 7 11 25 30 45 46 
0 1 7 11 30 33 35 38 
0 1 7 11 30 33 38 45 
0 1 7 11 30 33 38 46 
0 1 7 12 14 17 35 39 
0 1 7 12 21 29 31 44 
0 1 7 13 15 18 34 38 
0 1 7 13 16 18 40 44 
0 1 7 13 17 34 36 39 
0 1 7 13 25 33 42 44 
0 1 7 14 15 19 25 45 
0 1 7 14 16 21 36 44 
0 1 7 14 16 26 40 43 
0 1 7 14 17 19 39 43 
0 1 7 14 26 38 43 46 
0 1 7 15 17 20 29 43 
0 1 7 15 19 21 24 37 
0 1 7 15 20 36 44 45 
0 1 7 15 33 35 37 38 
0 1 7 16 19 33 41 43 
0 1 7 17 19 21 22 30 
0 1 7 17 21 36 39 41 
0 1 7 17 22 30 34 45 
0 1 7 18 20 23 28 32 
0 1 7 18 20 32 39 44 
0 1 7 19 31 33 39 44 
0 1 7 20 22 27 36 44 
0 1 7 20 22 31 36 44 
0 1 7 20 22 36 39 44 
0 1 7 22 24 34 40 43 
0 1 7 22 24 35 40 44 
0 1 7 22 26 31 34 36 
0 1 7 25 27 38 39 44 
0 1 7 27 29 30 39 43 
0 1 8 10 11 30 34 42 
0 1 8 10 14 19 25 45 
0 1 8 10 14 27 32 44 
0 1 8 10 19 22 38 42 
0 1 8 10 27 33 39 44 
0 1 8 10 28 31 35 42 
0 1 8 11 17 25 43 45 
0 1 8 11 20 24 25 26 
0 1 8 11 31 34 36 40 
0 1 8 12 14 17 27 37 
0 1 8 12 14 17 29 37 
0 1 8 12 14 17 33 37 
0 1 8 12 14 17 37 40 
0 1 8 12 17 26 32 45 
0 1 8 12 18 21 23 37 
0 1 8 12 29 32 34 38 
0 1 8 13 15 27 38 44 
0 1 8 13 16 18 22 36 
0 1 8 13 16 20 22 37 
0 1 8 13 17 19 22 37 
0 1 8 14 15 17 37 43 
0 1 8 14 18 20 23 34 
0 1 8 14 20 25 29 45 
0 1 8 15 23 32 42 44 
0 1 8 15 26 38 42 45 
0 1 8 16 19 21 25 35 
0 1 8 18 20 33 39 44 
0 1 8 18 27 31 33 36 
0 1 8 18 29 33 42 45 
0 1 8 20 22 33 38 44 
0 1 8 20 26 31 35 45 
0 1 8 20 32 37 41 45 
0 1 8 21 28 31 33 37 
0 1 8 21 30 31 34 36 
0 1 8 24 26 27 38 42 
0 1 8 24 29 33 35 38 
0 1 8 25 28 32 34 37 
0 1 8 26 32 43 45 46 
0 1 8 27 31 33 42 45 
0 1 9 10 12 16 30 35 
0 1 9 10 22 27 41 45 
0 1 9 11 13 16 28 34 
0 1 9 11 13 16 30 36 
0 1 9 11 15 21 40 45 
0 1 9 11 23 28 41 44 
0 1 9 11 23 37 40 43 
0 1 9 11 27 30 34 42 
0 1 9 12 14 30 37 41 
0 1 9 12 14 31 35 41 
0 1 9 12 16 22 40 42 
0 1 9 13 15 17 20 38 
0 1 9 13 16 22 27 46 
0 1 9 13 19 23 40 45 
0 1 9 13 23 36 39 41 
0 1 9 13 31 34 36 41 
0 1 9 14 16 20 26 44 
0 1 9 14 16 27 38 44 
0 1 9 14 17 36 40 46 
0 1 9 14 26 38 41 45 
0 1 9 15 18 20 22 32 
0 1 9 15 19 20 22 32 
0 1 9 15 20 22 32 44 
0 1 9 15 25 36 43 45 
0 1 9 15 31 33 36 43 
0 1 9 15 31 34 36 38 
0 1 9 15 32 35 37 44 
0 1 9 17 19 24 30 44 
0 1 9 17 34 36 38 41 
0 1 9 18 22 36 38 41 
0 1 9 19 21 23 26 32 
0 1 9 19 34 36 40 43 
0 1 9 20 23 31 41 43 
0 1 9 21 24 29 31 35 
0 1 9 21 30 34 40 45 
0 1 9 24 25 35 42 44 
0 1 9 24 26 37 42 44 
0 1 9 24 29 31 34 35 
0 1 9 24 29 31 35 38 
0 1 9 24 29 31 35 45 
0 1 9 24 29 34 41 45 
0 1 9 25 30 38 44 45 
0 1 9 26 27 33 43 45 
0 1 9 26 28 33 34 44 
0 1 9 26 29 32 34 36 
0 1 9 29 31 32 35 42 
0 1 9 30 32 34 36 37 
0 1 10 11 13 15 33 41 
0 1 10 11 17 25 43 45 
0 1 10 12 14 17 20 35 
0 1 10 12 14 17 33 39 
0 1 10 12 17 20 26 44 
0 1 10 13 15 18 37 41 
0 1 10 13 15 19 24 40 
0 1 10 13 15 21 40 44 
0 1 10 13 17 19 24 39 
0 1 10 13 21 25 41 43 
0 1 10 13 32 37 39 43 
0 1 10 14 16 19 36 40 
0 1 10 14 17 19 25 45 
0 1 10 14 17 20 22 46 
0 1 10 14 17 22 28 46 
0 1 10 14 17 22 41 46 
0 1 10 14 17 22 42 46 
0 1 10 14 17 28 40 42 
0 1 10 14 18 19 25 45 
0 1 10 14 19 25 40 45 
0 1 10 14 30 33 35 41 
0 1 10 15 17 23 36 44 
0 1 10 15 18 22 28 46 
0 1 10 15 18 30 41 43 
0 1 10 15 18 35 37 41 
0 1 10 15 19 26 39 45 
0 1 10 16 18 21 25 35 
0 1 10 16 27 39 41 44 
0 1 10 17 20 34 42 46 
0 1 10 17 20 35 37 43 
0 1 10 17 24 36 42 44 
0 1 10 18 32 37 42 44 
0 1 10 22 24 37 40 43 
0 1 10 22 25 30 41 43 
0 1 10 22 28 33 41 45 
0 1 10 22 30 33 41 43 
0 1 10 22 30 41 43 45 
0 1 10 22 34 37 39 41 
0 1 10 23 30 31 42 44 
0 1 10 24 26 29 37 41 
0 1 10 25 30 32 36 44 
0 1 10 25 31 37 39 44 
0 1 10 26 29 33 41 46 
0 1 10 26 30 34 40 45 
0 1 10 27 28 33 35 44 
0 1 10 28 31 33 35 39 
0 1 11 12 13 34 40 43 
0 1 11 12 14 16 18 39 
0 1 11 12 16 19 25 46 
0 1 11 12 20 41 43 45 
0 1 11 13 15 22 39 42 
0 1 11 13 17 20 25 43 
0 1 11 13 17 26 40 45 
0 1 11 13 18 20 26 44 
0 1 11 13 28 35 39 42 
0 1 11 14 15 23 40 42 
0 1 11 14 16 20 23 40 
0 1 11 14 18 20 26 42 
0 1 11 14 23 27 40 42 
0 1 11 14 23 38 40 42 
0 1 11 14 23 40 42 43 
0 1 11 15 17 20 27 40 
0 1 11 15 18 23 39 45 
0 1 11 15 20 27 39 45 
0 1 11 15 22 24 27 30 
0 1 11 15 22 27 39 45 
0 1 11 15 27 39 40 45 
0 1 11 15 31 34 36 40 
0 1 11 16 27 39 41 45 
0 1 11 17 19 21 24 33 
0 1 11 17 24 38 43 46 
0 1 11 17 25 36 43 45 
0 1 11 18 20 23 24 32 
0 1 11 18 33 37 42 45 
0 1 11 19 23 25 28 32 
0 1 11 19 24 27 31 33 
0 1 11 19 27 35 42 44 
0 1 11 19 31 34 36 40 
0 1 11 19 32 41 43 46 
0 1 11 21 31 34 36 40 
0 1 11 22 27 29 35 44 
0 1 11 23 24 39 41 44 
0 1 11 24 27 29 33 41 
0 1 11 25 27 30 34 42 
0 1 11 25 27 30 36 40 
0 1 11 25 30 32 38 44 
0 1 11 26 27 30 33 35 
0 1 11 26 28 32 35 40 
0 1 11 26 29 31 35 40 
0 1 11 27 30 34 36 42 
0 1 12 14 16 19 22 39 
0 1 12 14 16 32 39 42 
0 1 12 14 16 33 38 41 
0 1 12 14 17 18 27 40 
0 1 12 14 17 19 23 27 
0 1 12 14 17 22 26 41 
0 1 12 14 18 32 39 42 
0 1 12 14 32 35 39 42 
0 1 12 14 32 38 39 42 
0 1 12 15 17 19 21 25 
0 1 12 15 17 21 30 40 
0 1 12 16 18 25 28 33 
0 1 12 16 21 22 29 45 
0 1 12 16 21 23 26 29 
0 1 12 17 24 35 39 45 
0 1 12 17 33 37 40 46 
0 1 12 18 20 25 34 44 
0 1 12 18 32 35 37 39 
0 1 12 22 25 39 41 44 
0 1 12 22 28 30 35 44 
0 1 12 25 30 32 38 44 
0 1 12 26 28 36 41 45 
0 1 12 26 30 32 35 40 
0 1 13 14 17 19 24 39 
0 1 13 14 18 21 23 29 
0 1 13 14 22 37 42 44 
0 1 13 14 32 38 40 43 
0 1 13 15 18 21 22 37 
0 1 13 15 21 24 31 43 
0 1 13 15 31 34 38 42 
0 1 13 16 18 19 23 27 
0 1 13 16 19 21 23 30 
0 1 13 16 24 34 41 43 
0 1 13 17 19 24 27 39 
0 1 13 17 28 38 41 46 
0 1 13 18 25 29 39 45 
0 1 13 18 32 36 38 39 
0 1 13 19 23 27 30 32 
0 1 13 19 27 38 43 45 
0 1 13 20 32 38 43 46 
0 1 13 21 23 27 30 32 
0 1 13 21 28 37 43 46 
0 1 13 22 25 33 41 43 
0 1 13 22 32 40 43 46 
0 1 13 23 24 27 30 32 
0 1 13 23 27 29 32 40 
0 1 13 23 27 30 32 38 
0 1 13 23 33 40 42 44 
0 1 13 25 29 39 40 42 
0 1 13 26 29 37 41 46 
0 1 13 28 31 34 36 38 
0 1 14 16 30 38 41 42 
0 1 14 17 20 25 27 29 
0 1 14 18 26 36 41 45 
0 1 14 20 32 35 37 39 
0 1 14 20 32 37 41 45 
0 1 14 21 23 33 39 44 
0 1 14 21 25 30 31 33 
0 1 14 21 30 36 40 45 
0 1 14 21 31 33 39 44 
0 1 14 21 32 39 42 44 
0 1 14 21 33 37 39 44 
0 1 14 25 28 30 34 40 
0 1 14 25 29 38 41 46 
0 1 15 16 19 25 27 32 
0 1 15 16 31 36 38 44 
0 1 15 17 18 23 27 34 
0 1 15 17 21 24 29 37 
0 1 15 20 23 30 32 36 
0 1 15 21 28 33 37 45 
0 1 15 23 31 34 41 43 
0 1 15 24 27 29 31 37 
0 1 15 25 32 35 41 43 
0 1 15 27 30 37 39 43 
0 1 15 27 38 40 43 44 
0 1 16 18 21 24 25 35 
0 1 16 18 21 25 27 35 
0 1 16 18 21 25 29 35 
0 1 16 18 24 35 38 42 
0 1 16 20 23 25 29 37 
0 1 16 20 25 28 30 41 
0 1 16 21 23 29 32 33 
0 1 16 21 35 39 45 46 
0 1 16 22 25 27 29 39 
0 1 16 23 26 28 34 43 
0 1 16 23 28 37 41 45 
0 1 16 24 25 28 30 37 
0 1 16 26 27 39 41 44 
0 1 16 26 28 29 33 39 
0 1 16 26 28 30 33 39 
0 1 16 26 28 33 39 44 
0 1 16 26 28 39 42 46 
0 1 16 26 35 40 44 46 
0 1 16 27 29 39 41 44 
0 1 16 27 34 39 41 44 
0 1 17 22 30 32 41 44 
0 1 17 24 33 37 42 45 
0 1 17 26 34 36 41 44 
0 1 18 20 32 37 41 45 
0 1 18 20 33 36 39 43 
0 1 18 21 24 26 33 37 
0 1 18 21 26 35 37 41 
0 1 18 21 30 34 40 45 
0 1 18 21 33 37 41 46 
0 1 18 22 33 35 38 41 
0 1 18 24 32 37 44 46 
0 1 18 24 33 37 40 45 
0 1 18 25 27 29 32 35 
0 1 18 26 27 29 31 41 
0 1 18 26 31 36 41 45 
0 1 18 26 32 35 42 46 
0 1 18 26 32 36 41 45 
0 1 18 26 33 36 42 46 
0 1 18 26 34 36 41 45 
0 1 18 26 34 37 41 46 
0 1 18 27 28 31 40 42 
0 1 19 21 23 28 31 34 
0 1 19 21 24 33 37 41 
0 1 19 22 25 27 32 36 
0 1 19 22 34 38 39 45 
0 1 19 24 33 36 40 46 
0 1 19 25 27 30 34 35 
0 1 19 25 29 32 37 46 
0 1 19 25 30 33 37 46 
0 1 19 26 32 38 43 46 
0 1 20 22 30 36 43 45 
0 1 20 23 32 37 41 45 
0 1 20 24 32 37 38 45 
0 1 20 25 31 34 38 46 
0 1 21 25 29 30 32 35 
0 1 21 25 29 31 34 36 
0 1 21 25 30 32 38 44 
0 1 21 28 33 38 44 46 
0 1 21 30 34 40 45 46 
0 1 22 23 24 28 37 40 
0 1 22 23 30 33 42 46 
0 1 22 28 31 35 36 46 
0 1 22 28 32 36 40 45 
0 1 22 29 33 39 42 45 
0 1 23 27 29 31 33 36 
0 1 23 27 29 34 39 44 
0 1 23 27 30 32 34 42 
0 1 23 28 30 36 38 44 
0 1 25 27 30 32 38 44 
0 1 25 27 30 33 37 46 
